  0.0316982 5.78374e-18  8.9466e-26 1.49497e-25 2.61365e-25 5.07738e-25  1.1499e-24 3.07194e-24 9.64856e-24 3.66026e-23    1.74e-22 1.07057e-21 8.47994e-21 7.90823e-20 7.22021e-19 5.28052e-18 2.98217e-17 1.81933e-16 1.75547e-12 1.82931e-12 1.16588e-12  6.5422e-13 3.40491e-13 1.61984e-13 7.05116e-14 2.92865e-14 1.14975e-14 4.38469e-15 1.63427e-15 5.95612e-16 2.16394e-16 7.73532e-17 2.76494e-17 9.85179e-18 3.49886e-18 1.24298e-18 4.41254e-19 1.56571e-19 5.55858e-20 1.97378e-20 7.00954e-21 2.49078e-21 8.85562e-22  3.1498e-22 1.12095e-22 3.99137e-23  1.4221e-23 5.06997e-24 1.80835e-24 6.55888e-25
  0.0911199   0.0285263   0.0140037  0.00702807  0.00356199   0.0018401 0.000965142 0.000492195  0.00022674 8.75368e-05 2.60517e-05 5.74346e-06 9.98452e-07 1.62662e-07 3.08141e-08 7.54349e-09  2.2247e-09 7.17927e-10  2.4352e-10 8.40665e-11 2.91342e-11  1.0116e-11 3.50513e-12 1.21073e-12 4.16723e-13 1.43191e-13 4.93083e-14 1.70299e-14 5.90494e-15 2.05799e-15 7.18693e-16 2.52092e-16 8.85663e-17 3.11651e-17 1.09859e-17 3.87667e-18 1.36961e-18 4.84348e-19 1.71409e-19 6.07134e-20 2.15235e-20 7.63617e-21 2.71107e-21  9.6317e-22 3.42411e-22 1.21804e-22 4.33525e-23 1.54375e-23 5.50002e-24 1.96539e-24
   0.142841   0.0535494   0.0263284   0.0132385  0.00671681  0.00346726  0.00181614 0.000926206 0.000428726 0.000167688 5.13468e-05 1.19348e-05 2.23949e-06 3.90401e-07 7.39535e-08 1.67923e-08 4.52552e-09 1.35329e-09 4.37612e-10 1.46904e-10 5.01036e-11  1.7197e-11 5.90085e-12 2.02362e-12 6.93327e-13 2.37694e-13 8.17974e-14 2.82495e-14 9.79966e-15 3.41664e-15  1.1937e-15 4.18855e-16 1.47211e-16 5.18189e-17 1.82715e-17 6.44934e-18 2.27891e-18 8.06082e-19 2.85358e-19 1.01102e-19 3.58496e-20 1.27208e-20 4.51691e-21 1.60498e-21 5.70634e-22 2.03007e-22 7.22617e-23 2.57342e-23 9.16908e-24 3.27813e-24
   0.188984   0.0760279   0.0374506   0.0188745  0.00959067   0.0049491  0.00259036  0.00132257 0.000616807 0.000245878  7.8385e-05 1.95815e-05  4.0658e-06 7.82758e-07  1.5527e-07 3.41063e-08 8.43438e-09 2.25255e-09 6.62787e-10 2.09804e-10   6.957e-11 2.36757e-11 8.13002e-12 2.80063e-12 9.63864e-13 3.31768e-13 1.14407e-13 3.95438e-14 1.37205e-14 4.78217e-15 1.67027e-15 5.85984e-16 2.05947e-16 7.24948e-17 2.55643e-17 9.02468e-18  3.1893e-18 1.12824e-18 3.99458e-19 1.41544e-19 5.01952e-20 1.78131e-20 6.32578e-21 2.24795e-21 7.99327e-22 2.84399e-22 1.01245e-22 3.60603e-23 1.28498e-23 4.59653e-24
   0.231013   0.0966179   0.0476978   0.0241026   0.0122712  0.00633327  0.00331396  0.00169549  0.00079841 0.000325777 0.000108928  2.9514e-05  6.8376e-06 1.47381e-06 3.17918e-07 7.21372e-08 1.74729e-08 4.30262e-09 1.12307e-09 3.15019e-10 9.54532e-11 3.09409e-11 1.04387e-11 3.58789e-12 1.23849e-12 4.27956e-13 1.47856e-13 5.11203e-14 1.77254e-14 6.16969e-15 2.15204e-15  7.5437e-16 2.64987e-16  9.3243e-17 3.28786e-17 1.16069e-17 4.10207e-18 1.45132e-18 5.13913e-19 1.82124e-19 6.45946e-20 2.29265e-20 8.14272e-21 2.89401e-21 1.02921e-21 3.66246e-22 1.30403e-22 4.64538e-23 1.65564e-23 5.92534e-24
   0.269982    0.115789   0.0573052   0.0290431   0.0148232  0.00765577   0.0040065   0.0020556 0.000978878 0.000409968 0.000144295 4.24905e-05  1.0969e-05  2.6509e-06 6.33046e-07  1.5514e-07  3.9461e-08 9.81491e-09 2.44587e-09 6.14965e-10 1.60307e-10 4.51579e-11 1.38561e-11 4.53559e-12 1.53832e-12 5.29385e-13 1.82863e-13 6.32215e-14 2.18991e-14 7.60492e-15 2.64636e-15 9.25894e-16 3.24797e-16 1.14174e-16 4.02433e-17  1.4204e-17 5.01956e-18  1.7761e-18 6.29009e-19 2.22945e-19 7.90871e-20 2.80759e-20 9.97343e-21 3.54533e-21 1.26112e-21 4.48863e-22 1.59854e-22 5.69596e-23 2.03062e-23 7.26863e-24
   0.306682     0.13389   0.0664492   0.0337884   0.0172966  0.00894456  0.00468358  0.00241118  0.00116226 0.000500344 0.000185523 5.92372e-05 1.69378e-05  4.5656e-06 1.21036e-06 3.25841e-07 9.01045e-08  2.4175e-08   6.352e-09  1.6131e-09 3.94851e-10 9.66315e-11 2.48015e-11 6.85247e-12 2.07616e-12 6.69912e-13  2.2481e-13 7.68091e-14 2.64626e-14 9.14849e-15 3.17124e-15 1.10537e-15 3.86606e-16  1.3559e-16 4.77354e-17 1.68351e-17 5.94679e-18 2.10414e-18 7.45249e-19 2.64179e-19 9.37357e-20 3.32851e-20 1.18268e-20 4.20527e-21 1.49633e-21 5.32733e-22 1.89778e-22 6.76459e-23 2.41252e-23  8.6311e-24
   0.341729     0.15119   0.0752672   0.0384123   0.0197322   0.0102228  0.00535839  0.00276913  0.00135182 0.000598356 0.000233452 8.04526e-05 2.52783e-05 7.53827e-06 2.20784e-06 6.53417e-07  1.9795e-07 5.85147e-08  1.6942e-08 4.72192e-09 1.24011e-09  3.0952e-10 7.49971e-11 1.80527e-11  4.5218e-12 1.18405e-12 3.37151e-13 1.03438e-13 3.35125e-14 1.12047e-14 3.81009e-15  1.3118e-15 4.54817e-16 1.58545e-16 5.56087e-17 1.95601e-17 6.89818e-18 2.43933e-18 8.63724e-19 3.06148e-19  1.0865e-19 3.85935e-20  1.3717e-20 4.87912e-21 1.73685e-21 6.18615e-22  2.2046e-22 7.86184e-23  2.8053e-23 1.00194e-23
    0.37561    0.167906   0.0838673   0.0429733   0.0221637   0.0115109  0.00604254  0.00313562  0.00155032 0.000705191  0.00028877 0.000106784 3.65584e-05 1.19544e-05 3.83918e-06 1.24196e-06 4.10469e-07 1.33487e-07 4.28026e-08 1.33441e-08 3.94225e-09 1.10314e-09 2.93462e-10 7.45087e-11 1.88013e-11 4.52856e-12 1.09619e-12 2.72182e-13 7.09945e-14 1.97819e-14 5.79858e-15 1.80946e-15 5.84334e-16 1.94574e-16 6.63622e-17 2.29088e-17 7.99015e-18 2.80875e-18  9.9072e-19 3.50374e-19 1.24248e-19  4.4122e-20 1.56797e-20 5.57881e-21 1.98688e-21 7.08002e-22 2.52438e-22 9.00768e-23 3.21618e-23 1.14564e-23
   0.408717    0.184213   0.0923403   0.0475203   0.0246198   0.0128271  0.00674652  0.00351621  0.00176036 0.000821902 0.000352065 0.000138821  5.1357e-05 1.82548e-05 6.37622e-06 2.23795e-06  8.0074e-07 2.83996e-07 9.99826e-08 3.46307e-08 1.15026e-08  3.6559e-09 1.10868e-09 3.19922e-10 9.10554e-11 2.44297e-11 6.38878e-12  1.6385e-12 4.17285e-13 1.07703e-13  2.7379e-14 7.22339e-15 1.90606e-15 5.15752e-16 1.45566e-16  4.2234e-17 1.28759e-17 4.10509e-18 1.34091e-18 4.50182e-19 1.54715e-19 5.36602e-20 1.87305e-20  6.6086e-21 2.33969e-21 8.29681e-22  2.9496e-22 1.05199e-22 3.73621e-23 1.41607e-23
   0.441372    0.200259    0.100763   0.0520963   0.0271262   0.0141877  0.00748069  0.00391713  0.00198505 0.000949799 0.000423864 0.000177078 7.02315e-05  2.6915e-05 1.01457e-05 3.83497e-06 1.47375e-06 5.64468e-07 2.15746e-07 8.19401e-08 3.01922e-08 1.07711e-08  3.6986e-09 1.21731e-09 3.92927e-10  1.2094e-10  3.6238e-11 1.06136e-11 3.07681e-12 8.98617e-13  2.5599e-13 7.46918e-14 2.13539e-14 6.04939e-15 1.71019e-15 4.75664e-16 1.33015e-16 3.75722e-17 1.05317e-17 3.02309e-18 9.05926e-19 2.72649e-19   8.269e-20 2.70515e-20 8.94887e-21 2.97248e-21 1.01489e-21 3.61221e-22 1.15868e-22 1.12519e-22
   0.473842    0.216171    0.109199   0.0567395    0.029706   0.0156077   0.0082556  0.00434469  0.00222762  0.00109036 0.000504873 0.000222015 9.36985e-05 3.84213e-05 1.55185e-05 6.27524e-06 2.57141e-06 1.05409e-06 4.32856e-07 1.77878e-07 7.16218e-08 2.82167e-08 1.08001e-08  3.9967e-09 1.44813e-09 5.04473e-10 1.71661e-10 5.71456e-11 1.88581e-11 6.26346e-12 2.03887e-12 6.84141e-13 2.26412e-13 7.45215e-14 2.45116e-14 7.96987e-15 2.57404e-15 8.25169e-16 2.61669e-16  8.3345e-17 2.69308e-17 8.66356e-18 2.78508e-18 9.53392e-19  3.2825e-19 1.13164e-19 4.02556e-20 1.49896e-20 4.96469e-21 5.61593e-21
   0.506349    0.232055    0.117708   0.0614827   0.0323795   0.0171021  0.00908158  0.00480516  0.00249149  0.00124529 0.000595985 0.000274144 0.000122231 5.32559e-05 2.28962e-05 9.84434e-06 4.27525e-06 1.86131e-06 8.13718e-07 3.57656e-07 1.55246e-07 6.64947e-08  2.7908e-08 1.14176e-08 4.57833e-09 1.77687e-09 6.76029e-10 2.51999e-10  9.3072e-11 3.44471e-11 1.25373e-11 4.70765e-12 1.75136e-12 6.51969e-13 2.44902e-13 9.14966e-14 3.40333e-14 1.25807e-14 4.62342e-15 1.69145e-15 6.15728e-16 2.23125e-16 8.07451e-17 2.99855e-17 1.11541e-17 4.15036e-18 1.57723e-18 6.17903e-19 2.22086e-19 2.21629e-19
   0.539079    0.248009     0.12634    0.066354   0.0351655   0.0186849  0.00996916  0.00530561  0.00278076  0.00141664 0.000698223  0.00033413  0.00015628 7.18705e-05 3.26925e-05  1.4862e-05 6.80524e-06 3.12666e-06 1.44431e-06 6.72505e-07 3.11071e-07 1.42888e-07 6.47751e-08 2.88254e-08 1.25967e-08  5.3696e-09 2.24977e-09 9.25674e-10 3.77014e-10 1.53147e-10 6.13284e-11 2.51566e-11 1.02404e-11  4.1829e-12 1.73302e-12 7.16297e-13 2.96893e-13 1.23401e-13 5.12178e-14 2.11868e-14 8.71197e-15 3.57471e-15 1.46659e-15 6.00614e-16 2.45667e-16 1.00554e-16 4.14451e-17 1.72147e-17 6.73216e-18 6.00809e-18
   0.572183    0.264124    0.135138   0.0713803   0.0380824   0.0203698   0.0109292  0.00585376  0.00310022  0.00160708 0.000812946 0.000402702   0.0001964 9.46977e-05 4.53114e-05 2.16699e-05 1.04143e-05 5.02271e-06 2.43673e-06 1.19262e-06 5.82281e-07 2.83578e-07 1.37044e-07 6.53462e-08 3.07197e-08 1.41827e-08 6.45032e-09 2.88875e-09 1.28027e-09 5.64138e-10 2.45615e-10 1.08496e-10 4.75872e-11 2.09272e-11 9.31599e-12 4.13833e-12 1.85035e-12 8.34208e-13 3.76322e-13  1.7006e-13 7.70596e-14 3.49639e-14 1.58886e-14  7.2018e-15 3.26221e-15 1.48068e-15 6.70197e-16  3.0063e-16 1.30014e-16 1.04004e-16
   0.605792    0.280475     0.14414   0.0765867    0.041148     0.02217   0.0119726  0.00645806  0.00345541  0.00182002 0.000942038 0.000480848  0.00024318 0.000122212  6.1159e-05  3.0615e-05 1.53796e-05 7.75133e-06 3.92944e-06 2.00915e-06 1.02744e-06 5.25504e-07 2.67801e-07 1.35245e-07 6.76245e-08 3.33609e-08 1.62528e-08 7.81795e-09 3.72265e-09 1.75977e-09 8.23553e-10 3.87973e-10 1.81592e-10 8.50545e-11 4.01494e-11 1.89023e-11 8.94698e-12 4.26568e-12 2.03432e-12 9.74098e-13 4.70077e-13 2.27564e-13 1.10375e-13  5.3861e-14 2.63628e-14 1.29349e-14 6.33476e-15 3.07704e-15 1.46992e-15 1.00405e-15
   0.640018    0.297127    0.153383   0.0819965   0.0443784   0.0240983   0.0131106  0.00712752  0.00385299  0.00205975  0.00108805 0.000569968 0.000297389 0.000154918 8.06455e-05  4.2056e-05 2.19979e-05 1.15414e-05 6.08814e-06 3.23611e-06 1.72288e-06 9.18856e-07 4.89584e-07 2.59347e-07 1.36482e-07 7.10988e-08 3.66673e-08 1.87165e-08 9.46396e-09 4.74922e-09 2.36272e-09 1.17678e-09 5.82774e-10 2.88286e-10 1.43132e-10 7.08547e-11 3.51856e-11 1.75509e-11 8.74887e-12 4.37526e-12 2.20353e-12 1.11298e-12  5.6293e-13  2.8706e-13 1.47053e-13 7.54418e-14 3.87161e-14 1.98019e-14 1.00196e-14 5.71111e-15
   0.674943     0.31414    0.162899   0.0876308   0.0477898    0.026168    0.014354   0.0078714   0.0043004  0.00233156  0.00125437 0.000672068 0.000360146 0.000193464 0.000104218 5.63542e-05 3.05744e-05 1.66406e-05 9.10283e-06 5.01085e-06 2.76444e-06 1.52868e-06 8.45776e-07 4.66231e-07 2.55937e-07 1.39416e-07 7.53415e-08 4.03732e-08 2.14516e-08 1.13177e-08 5.92574e-09 3.09519e-09 1.60858e-09  8.3385e-10 4.32447e-10 2.23579e-10 1.15713e-10 6.00088e-11 3.10854e-11 1.61335e-11 8.41315e-12 4.39522e-12 2.29823e-12 1.21044e-12 6.39953e-13 3.38431e-13 1.78756e-13 9.39181e-14 4.84097e-14 2.35813e-14
   0.710632    0.331569    0.172718   0.0935093   0.0513972   0.0283918   0.0157136   0.0086989   0.0048055  0.00264162  0.00144546 0.000790017 0.000433136 0.000238806 0.000132447 7.39071e-05 4.14266e-05 2.33094e-05  1.3181e-05 7.49173e-06 4.26802e-06 2.43687e-06 1.39269e-06 7.93947e-07 4.51336e-07 2.54997e-07 1.43153e-07 7.97993e-08 4.41491e-08 2.42707e-08 1.32493e-08 7.20471e-09 3.89995e-09 2.10341e-09 1.13249e-09 6.07936e-10 3.26056e-10 1.74815e-10  9.3583e-11 5.01542e-11  2.6967e-11 1.45161e-11 7.81784e-12 4.23353e-12 2.29896e-12 1.24751e-12 6.74224e-13  3.6036e-13 1.86059e-13 7.98715e-14
   0.747129    0.349459    0.182867   0.0996502   0.0552136   0.0307809   0.0171994  0.00961898  0.00537622  0.00299674  0.00166665 0.000927658  0.00051886 0.000292447  0.00016621 9.52477e-05 5.49244e-05 3.18299e-05 1.85454e-05  1.0854e-05 6.36768e-06 3.74268e-06 2.20144e-06 1.29229e-06 7.56673e-07 4.40695e-07 2.55221e-07 1.46852e-07 8.39286e-08 4.76983e-08 2.69276e-08 1.51362e-08 8.47238e-09 4.72219e-09 2.62353e-09  1.4532e-09 8.03441e-10 4.43579e-10 2.44502e-10 1.34791e-10 7.44362e-11 4.11409e-11 2.27477e-11 1.26167e-11 7.00592e-12  3.8844e-12 2.14122e-12 1.16156e-12 5.99336e-13 2.35408e-13
   0.784465    0.367851    0.193363    0.106064   0.0592486   0.0333427   0.0188189   0.0106386  0.00601916  0.00340306  0.00192326   0.0010893 0.000620485 0.000356479 0.000206792  0.00012113 7.15246e-05 4.25039e-05 2.54132e-05  1.5265e-05 9.19432e-06 5.54778e-06 3.34883e-06 2.01788e-06 1.21238e-06 7.24755e-07 4.30834e-07 2.54479e-07 1.49336e-07 8.71472e-08 5.05312e-08 2.91567e-08 1.67506e-08 9.58176e-09 5.46262e-09 3.10492e-09 1.76046e-09 9.96281e-10 5.63036e-10 3.18026e-10 1.79677e-10 1.01561e-10 5.74291e-11 3.25475e-11 1.84491e-11 1.04349e-11 5.85874e-12 3.22419e-12 1.66749e-12  6.2213e-13
   0.822651    0.386778    0.204222    0.112753   0.0635038   0.0360781   0.0205735   0.0117597  0.00673648  0.00386326  0.00221835  0.00127798 0.000740649 0.000432912 0.000255534 0.000152355 9.16539e-05 5.55435e-05 3.38858e-05 2.07808e-05 1.27844e-05 7.88062e-06 4.85975e-06  2.9923e-06 1.83656e-06 1.12165e-06 6.80903e-07 4.10601e-07 2.45954e-07 1.46437e-07 8.66289e-08 5.09691e-08 2.98502e-08 1.74025e-08 1.01089e-08 5.85553e-09 3.38247e-09 1.94923e-09 1.12176e-09 6.45528e-10 3.71764e-10 2.14237e-10  1.2348e-10 7.12285e-11 4.10739e-11 2.36216e-11 1.34641e-11  7.4884e-12 3.86482e-12 1.35752e-12
   0.861678    0.406263    0.215459    0.119727   0.0679819   0.0389892   0.0224633   0.0129821  0.00752754  0.00437677  0.00255186  0.00149421 0.000880326 0.000522857 0.000313406 0.000189621 0.000115717 7.11357e-05 4.40162e-05 2.73793e-05 1.70853e-05 1.06823e-05 6.68136e-06 4.17269e-06 2.59676e-06 1.60765e-06 9.88872e-07 6.03898e-07 3.66196e-07  2.2065e-07 1.32062e-07 7.85551e-08 4.65116e-08 2.74032e-08 1.60772e-08 9.40617e-09 5.49046e-09 3.19925e-09 1.86243e-09 1.08461e-09 6.32657e-10 3.69524e-10 2.15936e-10 1.26005e-10 7.33744e-11 4.25772e-11 2.44649e-11 1.36588e-11  6.9645e-12 2.25866e-12
   0.901526     0.42633    0.227088    0.126997   0.0726896   0.0420821    0.024493   0.0143097  0.00839499  0.00494505  0.00292449   0.0017384  0.00104004 0.000627079 0.000381329 0.000233859 0.000144535 8.99232e-05 5.62705e-05 3.53659e-05 2.22866e-05  1.4064e-05 8.87335e-06 5.58788e-06  3.5051e-06 2.18573e-06 1.35361e-06 8.31596e-07 5.06878e-07 3.06795e-07 1.84303e-07 1.10039e-07 6.53919e-08 3.86606e-08 2.27726e-08 1.33844e-08  7.8509e-09 4.60306e-09 2.69948e-09 1.58382e-09 9.30674e-10 5.47742e-10 3.22631e-10 1.89744e-10  1.1126e-10 6.49705e-11 3.75439e-11 2.10288e-11 1.06656e-11 3.36656e-12
    0.94216    0.446994    0.239117    0.134566   0.0776298   0.0453591   0.0266675   0.0157475  0.00934371  0.00557173  0.00333874  0.00201202  0.00122061 0.000746098 0.000459683 0.000285379  0.00017838 0.000112138 7.08319e-05 4.48975e-05 2.85229e-05 1.81367e-05 1.15217e-05 7.30097e-06 4.60502e-06 2.88544e-06 1.79456e-06 1.10611e-06 6.75758e-07 4.09473e-07 2.45959e-07 1.46763e-07 8.71626e-08  5.1504e-08 3.03461e-08  1.7854e-08 1.04925e-08 6.17238e-09 3.63476e-09 2.14023e-09 1.26123e-09 7.44231e-10 4.39219e-10 2.58883e-10 1.52218e-10 8.91138e-11 5.16149e-11 2.89459e-11 1.46249e-11 4.52687e-12
   0.983536    0.468251    0.251548    0.142432   0.0828014   0.0488191   0.0289859   0.0172954    0.010374  0.00625704  0.00379448  0.00231459  0.00142113 0.000878676 0.000547094 0.000342841 0.000216078 0.000136828 8.69779e-05 5.54314e-05 3.53639e-05 2.25539e-05 1.43439e-05 9.08224e-06 5.71446e-06 3.56654e-06 2.20766e-06 1.35416e-06 8.23018e-07 4.96278e-07 2.96772e-07 1.76216e-07 1.04238e-07 6.14112e-08 3.61127e-08 2.12184e-08 1.24609e-08 7.32792e-09  4.3145e-09 2.53873e-09 1.49197e-09 8.76105e-10 5.14022e-10 3.00922e-10 1.75426e-10 1.01675e-10 5.82314e-11 3.22409e-11 1.60392e-11 4.84454e-12
     1.0256    0.490098     0.26438    0.150592   0.0881968   0.0524559   0.0314414   0.0189475   0.0114809  0.00699697  0.00428824  0.00264319  0.00163896  0.00102239  0.00064145 0.000404534 0.000256256 0.000162889 0.000103812 6.62332e-05 4.22114e-05 2.68351e-05 1.69751e-05 1.06693e-05 6.65688e-06 4.11746e-06 2.52536e-06  1.5362e-06 9.26482e-07 5.54859e-07 3.30041e-07 1.95161e-07 1.15076e-07 6.76688e-08 3.97683e-08 2.33625e-08 1.37058e-08 8.03516e-09 4.70988e-09 2.75843e-09 1.61263e-09 9.40686e-10 5.47817e-10  3.1772e-10 1.82957e-10 1.04481e-10 5.88228e-11 3.19699e-11 1.56023e-11 4.60247e-12
    1.06829    0.512521    0.277599    0.159031   0.0938021   0.0562561   0.0340234   0.0206947   0.0126569  0.00778515  0.00481456  0.00299299     0.00187  0.00117391 0.000740156 0.000468511 0.000297458 0.000189197 0.000120454 7.66118e-05 4.85557e-05 3.06279e-05 1.91928e-05 1.19349e-05 7.36571e-06  4.5089e-06 2.73827e-06 1.65161e-06 9.88937e-07 5.88586e-07  3.4844e-07 2.05445e-07 1.20859e-07 7.09244e-08  4.1584e-08 2.43698e-08 1.42526e-08 8.31249e-09  4.8374e-09 2.80997e-09 1.62769e-09 9.39226e-10 5.40304e-10 3.09029e-10 1.75112e-10 9.82255e-11 5.42296e-11  2.8874e-11 1.38081e-11 3.98494e-12
    1.11153    0.535498    0.291186    0.167728    0.099598   0.0602014   0.0367159   0.0225243   0.0138907  0.00861232  0.00536565  0.00335727  0.00210874  0.00132904  0.00084012  0.00053247 0.000337939 0.000214421 0.000135898 8.58502e-05 5.39359e-05 3.36665e-05 2.08632e-05 1.28273e-05 7.83015e-06 4.74692e-06 2.85749e-06 1.71041e-06 1.01788e-06 6.02754e-07 3.55359e-07 2.08912e-07 1.22572e-07 7.17131e-08 4.18447e-08 2.43695e-08 1.41624e-08 8.20618e-09 4.74018e-09  2.7283e-09 1.56078e-09 8.86583e-10 5.00591e-10 2.80758e-10 1.56033e-10  8.5794e-11 4.64118e-11 2.42173e-11 1.13616e-11 3.22114e-12
    1.15523    0.558987    0.305113    0.176661    0.105559   0.0642689   0.0394982   0.0244193   0.0151679  0.00946621  0.00593123  0.00372792  0.00234902  0.00148324 0.000938041 0.000593904 0.000375796 0.000237196 0.000149231 9.34032e-05 5.80727e-05 3.58409e-05 2.19638e-05 1.33634e-05 8.07815e-06 4.85612e-06 2.90186e-06 1.72574e-06 1.02143e-06 6.01961e-07 3.53325e-07 2.06825e-07 1.20796e-07 7.03324e-08 4.07857e-08 2.35666e-08 1.35754e-08 7.78832e-09 4.44743e-09 2.52624e-09 1.42368e-09 7.95299e-10 4.40809e-10 2.42129e-10  1.3158e-10 7.06294e-11 3.72703e-11 1.89894e-11 8.70437e-12 2.39548e-12
     1.1993    0.582943    0.319349    0.185794    0.111655   0.0684306   0.0423451   0.0263577    0.016471   0.0103317   0.0064993  0.00409599  0.00258453  0.00163203   0.0010306 0.000650317 0.000409257 0.000256411 0.000159849 9.90135e-05  6.0904e-05 3.71867e-05 2.25576e-05 1.35996e-05 8.15292e-06 4.86552e-06  2.8892e-06  1.7082e-06 1.00569e-06 5.89612e-07 3.44239e-07 2.00247e-07 1.16111e-07 6.71092e-08 3.86276e-08 2.21312e-08 1.26118e-08 7.13455e-09 4.00617e-09 2.23459e-09 1.23677e-09 6.78375e-10  3.6889e-10 1.98454e-10 1.05462e-10 5.52591e-11 2.84137e-11  1.4101e-11 6.29137e-12 1.66993e-12
    1.24364    0.607312    0.333856    0.195091     0.11785   0.0726532   0.0452279   0.0283135   0.0177795   0.0111928  0.00705769  0.00445289   0.0028093   0.0017711  0.00111467  0.00069959 0.000437057 0.000271453 0.000167556 0.000102714 6.25462e-05 3.78251e-05 2.27419e-05 1.36025e-05 8.09647e-06 4.80024e-06 2.83318e-06 1.66492e-06 9.74388e-07 5.67812e-07  3.2938e-07 1.90121e-07 1.09232e-07 6.25103e-08 3.56098e-08 2.01742e-08 1.13484e-08 6.32051e-09 3.48472e-09 1.90458e-09 1.03224e-09  5.5434e-10  2.9496e-10 1.55295e-10 8.07496e-11 4.13664e-11 2.07574e-11 1.00344e-11 4.35358e-12 1.11392e-12
    1.28816    0.632017    0.348583    0.204508    0.124103   0.0768977   0.0481141   0.0302609   0.0190716   0.0120331  0.00759505  0.00479095  0.00301793  0.00189664  0.00118777 0.000740349 0.000458647 0.000282252 0.000172522 0.000104741 6.32061e-05 3.79039e-05 2.26136e-05 1.34309e-05 7.94137e-06 4.67778e-06 2.74344e-06 1.60137e-06 9.30566e-07 5.38183e-07 3.09673e-07  1.7713e-07 1.00683e-07 5.69072e-08 3.19659e-08 1.78393e-08 9.87992e-09 5.41303e-09 2.93034e-09 1.56877e-09 8.31414e-10 4.36343e-10 2.26718e-10 1.16646e-10   5.931e-11 2.97138e-11 1.45697e-11 6.87078e-12 2.90519e-12 7.23335e-13
    1.33275    0.656985    0.363471    0.213997    0.130374   0.0811255   0.0509678   0.0321745   0.0203261   0.0128376  0.00810139  0.00510336  0.00320579  0.00200577  0.00124842 0.000772121 0.000474152 0.000289171 0.000175145 0.000105412 6.31019e-05 3.75599e-05 2.22512e-05 1.31278e-05 7.71071e-06 4.51069e-06 2.62705e-06 1.52184e-06 8.76913e-07 5.02428e-07 2.86199e-07 1.61902e-07 9.08652e-08 5.06207e-08 2.79822e-08 1.53511e-08 8.35221e-09 4.49315e-09 2.38552e-09 1.25035e-09 6.47934e-10 3.32248e-10 1.68496e-10 8.45773e-11 4.19699e-11 2.05242e-11 9.82385e-12 4.51904e-12 1.86154e-12 4.48792e-13
    1.37732    0.682139    0.378455    0.223508    0.136617   0.0852983   0.0537529   0.0340252   0.0215255    0.013594  0.00856846  0.00538454   0.0033694  0.00209679   0.0012962 0.000795267 0.000484209 0.000292818 0.000175895 0.000105039 6.24206e-05 3.68985e-05 2.17104e-05 1.27216e-05 7.42007e-06  4.3082e-06 2.48937e-06 1.42958e-06 8.15666e-07 4.62183e-07 2.60124e-07 1.45254e-07 8.03538e-08 4.40527e-08 2.39322e-08  1.2889e-08 6.87752e-09 3.62636e-09  1.8857e-09 9.67096e-10 4.89993e-10 2.45483e-10 1.21498e-10 5.94337e-11 2.87288e-11 1.36822e-11 6.37955e-12 2.85839e-12 1.14591e-12 2.67849e-13
    1.42178    0.707386    0.393464    0.232994    0.142781   0.0893798    0.056437   0.0357835   0.0226555   0.0142938  0.00899012   0.0056305   0.0035068  0.00216932  0.00133167 0.000810706   0.0004897 0.000293856 0.000175202 0.000103879 6.13037e-05 3.59925e-05 2.10288e-05 1.22319e-05 7.07994e-06 4.07658e-06 2.33445e-06 1.32734e-06 7.48877e-07 4.19047e-07 2.32636e-07 1.28019e-07 6.97068e-08 3.75579e-08 2.00263e-08 1.05749e-08 5.52764e-09 2.85379e-09 1.45222e-09 7.28261e-10 3.60553e-10 1.76384e-10 8.51701e-11  4.0585e-11 1.90862e-11  8.8372e-12 4.00579e-12 1.74509e-12 6.80375e-13 1.54794e-13
    1.46603     0.73264    0.408431    0.242415    0.148819   0.0933399   0.0589937   0.0374278   0.0237021    0.014932  0.00936288   0.0058392  0.00361755  0.00222401  0.00135594  0.00081955 0.000491498 0.000292863 0.000173408 0.000102121 5.98507e-05 3.48929e-05 2.02341e-05 1.16748e-05  6.7002e-06 3.82277e-06 2.16705e-06 1.21831e-06 6.78784e-07 3.74622e-07 2.04839e-07 1.10918e-07 5.93766e-08 3.14065e-08 1.64164e-08 8.48927e-09  4.3431e-09 2.19422e-09 1.09223e-09 5.35333e-10 2.58775e-10  1.2349e-10 5.81207e-11 2.69597e-11 1.23213e-11 5.53724e-12 2.43395e-12 1.02715e-12 3.86741e-13 8.32824e-14
    1.50992    0.757839    0.423292    0.251739    0.154711   0.0971626   0.0614087   0.0389458   0.0246509   0.0155044  0.00968659  0.00601118  0.00370282  0.00226234  0.00137037 0.000822843 0.000490291 0.000290254 0.000170743 9.98836e-05 5.81271e-05 3.36373e-05 1.93489e-05 1.10647e-05 6.29045e-06 3.55295e-06 1.99162e-06 1.10588e-06 6.07822e-07 3.30506e-07 1.77752e-07 9.45654e-08 4.97074e-08 2.57864e-08 1.32016e-08 6.67885e-09 3.34133e-09 1.65092e-09 8.03502e-10 3.84697e-10  1.8138e-10 8.43102e-11 3.86145e-11 1.74117e-11 7.72157e-12 3.36182e-12 1.42897e-12  5.8149e-13 2.09543e-13 4.16256e-14
    1.55339    0.782869    0.437988    0.260885     0.16044    0.100823   0.0636838   0.0403359   0.0254956   0.0160039  0.00996196  0.00614943  0.00376548  0.00228652  0.00137645 0.000821476 0.000486562 0.000286285 0.000167342 9.72341e-05 5.61704e-05 3.22506e-05 1.83906e-05 1.04149e-05 5.85859e-06 3.27105e-06   1.811e-06  9.9238e-07  5.3771e-07 2.87857e-07 1.52158e-07 7.94287e-08 4.09426e-08 2.08143e-08 1.04345e-08 5.16241e-09 2.52325e-09 1.21773e-09 5.78801e-10 2.70395e-10 1.24169e-10 5.61127e-11 2.49539e-11 1.09148e-11 4.68713e-12  1.9726e-12 8.09006e-13 3.16832e-13 1.09305e-13 2.04924e-14
    1.59633    0.807582     0.45239    0.269706    0.166005    0.104286   0.0658256   0.0416106   0.0262418   0.0164274   0.0101874  0.00625675  0.00380907  0.00229921  0.00137585 0.000816317 0.000480714 0.000281138 0.000163286 9.42112e-05 5.40032e-05 3.07478e-05 1.73723e-05 9.73696e-06 5.41403e-06 2.98444e-06 1.63001e-06 8.80551e-07 4.69933e-07 2.47523e-07 1.28554e-07 6.58101e-08 3.32353e-08 1.65462e-08 8.12162e-09 3.92948e-09 1.87477e-09 8.82091e-10 4.08605e-10 1.85959e-10 8.30697e-11 3.64352e-11 1.56944e-11 6.64014e-12 2.75428e-12  1.1178e-12 4.41387e-13 1.66243e-13 5.52227e-14 1.01246e-14
    1.63855    0.832121    0.466338    0.278183    0.171374    0.107589   0.0678292   0.0427849    0.026906   0.0167824   0.0103638    0.006334  0.00383559  0.00230248  0.00137001 0.000808182 0.000473106 0.000274961  0.00015864 9.08569e-05 5.16539e-05 2.91484e-05 1.63089e-05 9.04284e-06 4.96703e-06 2.70114e-06 1.45378e-06 7.73297e-07 4.06061e-07 2.10283e-07 1.07262e-07 5.38583e-08 2.66448e-08 1.29815e-08 6.23185e-09 2.94638e-09 1.37112e-09 6.28005e-10 2.82888e-10 1.25158e-10  5.4311e-11 2.30935e-11 9.62005e-12 3.92778e-12 1.56991e-12 6.13064e-13 2.32519e-13 8.39585e-14 2.67616e-14 4.72043e-15
    1.68019    0.856586    0.479973    0.286374    0.176417    0.110756   0.0697061   0.0438539   0.0275072   0.0170856   0.0105009  0.00638493  0.00384663  0.00229727  0.00135957 0.000797452 0.000463896 0.000267804 0.000153418 8.72026e-05 4.91549e-05 2.74772e-05 1.52174e-05 8.34349e-06 4.52527e-06  2.4265e-06 1.28602e-06 6.72981e-07 3.47404e-07 1.76749e-07 8.84973e-08 4.35816e-08  2.1121e-08 1.00657e-08  4.7191e-09 2.17648e-09 9.86942e-10 4.39792e-10 1.92404e-10 8.25685e-11 3.47247e-11 1.42938e-11  5.7542e-12 2.26351e-12 8.69564e-13 3.25655e-13 1.18267e-13 4.08287e-14 1.23935e-14  2.0228e-15
    1.72141    0.880492    0.493379     0.29415    0.181119    0.113637   0.0714876   0.0448424   0.0280464    0.017349   0.0106118  0.00641846  0.00384643  0.00228533  0.00134523 0.000784535 0.000453441 0.000259899 0.000147743 8.32907e-05 4.65272e-05 2.57482e-05 1.41055e-05 7.64311e-06 4.09223e-06 2.16336e-06  1.1287e-06 5.80817e-07  2.9456e-07  1.4712e-07 7.22604e-08 3.48863e-08 1.65549e-08 7.71448e-09 3.53002e-09 1.58624e-09 6.99822e-10 3.03015e-10 1.28631e-10  5.3471e-11 2.17391e-11  8.6353e-12 3.34897e-12 1.26781e-12 4.67798e-13 1.67863e-13 5.82504e-14 1.91696e-14 5.52958e-15 8.45736e-16
    1.76211    0.903292    0.506445    0.301597    0.185441    0.116288   0.0730936   0.0457858   0.0285421   0.0175807   0.0107029  0.00644052  0.00383926  0.00226913  0.00132847  0.00077028  0.00044231  0.00025164 0.000141874 7.92656e-05 4.38454e-05 2.40042e-05 1.29974e-05 6.95441e-06 3.67384e-06 1.91439e-06 9.83248e-07 4.97511e-07 2.47806e-07 1.21428e-07 5.84604e-08 2.76454e-08 1.28357e-08 5.84517e-09 2.60964e-09 1.14197e-09 4.89613e-10 2.05606e-10 8.45069e-11 3.39688e-11 1.33355e-11 5.10482e-12  1.9027e-12 6.90889e-13 2.44168e-13  8.3786e-14 2.77759e-14 8.71437e-15  2.3798e-15 3.32302e-16
    1.80224    0.926002    0.519031    0.308838    0.189525    0.118727    0.074548   0.0466282   0.0289843   0.0177822   0.0107803  0.00645667  0.00382893  0.00225107  0.00131051 0.000755282  0.00043074 0.000243156 0.000135909  7.5214e-05 4.11766e-05 2.22919e-05 1.19247e-05  6.2973e-06 3.28021e-06 1.68379e-06 8.51119e-07 4.23431e-07 2.07143e-07 9.95747e-08  4.6978e-08 2.17407e-08 9.86559e-09 4.38554e-09 1.90861e-09 8.12657e-10  3.3835e-10 1.37683e-10 5.47191e-11 2.12311e-11 8.03603e-12 2.96176e-12 1.06104e-12 3.69147e-13 1.24662e-13 4.07561e-14 1.28519e-14  3.8362e-15 9.95354e-16 1.32209e-16
    1.84151    0.949295    0.531012    0.315633    0.193539    0.120987   0.0758848   0.0473442   0.0293519   0.0179549    0.010841  0.00646486  0.00381508  0.00223112  0.00129117 0.000739129 0.000418565 0.000234466 0.000129953 7.12224e-05 3.85793e-05 2.06463e-05 1.09079e-05 5.68402e-06 2.91862e-06 1.47538e-06 7.33685e-07 3.58742e-07 1.72321e-07 8.12544e-08 3.75612e-08 1.70066e-08 7.53847e-09 3.26832e-09 1.38492e-09 5.73111e-10 2.31488e-10 9.11979e-11 3.50105e-11 1.30941e-11 4.76952e-12 1.68862e-12 5.79985e-13 1.93245e-13 6.23886e-14  1.9461e-14 5.83908e-15 1.65372e-15 4.06795e-16 5.12423e-17
    1.87948    0.970729    0.542843    0.321998    0.197264    0.123244   0.0771115   0.0479722    0.029681   0.0181031   0.0108823  0.00645917  0.00379287  0.00220659  0.00126978 0.000722094 0.000406091 0.000225736 0.000124069 6.73397e-05  3.6083e-05 1.90846e-05 9.95591e-06 5.11792e-06 2.59018e-06 1.28938e-06 6.30799e-07 3.03127e-07  1.4294e-07 6.60876e-08 2.99207e-08 1.32511e-08 5.73606e-09 2.42445e-09 9.99704e-10 4.01764e-10 1.57291e-10 5.99503e-11 2.22199e-11 8.00712e-12 2.80524e-12 9.53486e-13 3.13711e-13 9.99641e-14 3.08197e-14 9.16495e-15 2.61532e-15 7.02315e-16 1.63446e-16 1.92402e-17
    1.91538    0.991228    0.554662    0.328318    0.200738    0.125171   0.0782629   0.0485397   0.0299708   0.0182353   0.0109142  0.00644736  0.00376633  0.00217926  0.00124718 0.000704966   0.0003938 0.000217185 0.000118291  6.3553e-05  3.3672e-05 1.75946e-05 9.06059e-06 4.59391e-06 2.29119e-06 1.12295e-06 5.40418e-07 2.55208e-07 1.18123e-07 5.35346e-08 2.37279e-08 1.02749e-08 4.34198e-09 1.78856e-09 7.17513e-10     2.8e-10 1.06224e-10 3.91562e-11 1.40083e-11 4.86263e-12 1.63805e-12 5.34399e-13 1.68449e-13 5.13045e-14 1.50847e-14 4.26879e-15 1.15728e-15 2.94732e-16 6.48011e-17 7.00328e-18
    1.95002      1.0125     0.56608    0.334539    0.204089    0.126873   0.0792831   0.0490543   0.0301994    0.018339   0.0109412  0.00643582  0.00374045  0.00215235  0.00122449 0.000687628  0.00038131 0.000208576 0.000112559 5.98938e-05 3.13887e-05 1.62046e-05 8.23709e-06 4.11869e-06 2.02415e-06 9.76668e-07  4.6225e-07 2.14439e-07 9.73889e-08 4.32556e-08  1.8763e-08 7.94135e-09 3.27512e-09 1.31438e-09 5.12825e-10  1.9428e-10 7.14133e-11 2.54576e-11 8.79005e-12  2.9384e-12 9.51052e-13 2.97439e-13 8.96733e-14 2.60864e-14 7.31204e-15 1.96869e-15 5.07119e-16 1.22637e-16 2.55434e-17   2.571e-18
    1.98431     1.03193    0.577246    0.340555    0.207344    0.128654   0.0801987    0.049526   0.0303918   0.0184085   0.0109565  0.00642103  0.00371387  0.00212548  0.00120211 0.000670633 0.000368983 0.000200107  0.00010696 5.63766e-05 2.92394e-05 1.49195e-05 7.48723e-06 3.69225e-06 1.78801e-06 8.49279e-07 3.95263e-07 1.80083e-07 8.02265e-08 3.49114e-08 1.48149e-08 6.12604e-09 2.46473e-09 9.63478e-10 3.65606e-10 1.34472e-10  4.7895e-11 1.65113e-11 5.50205e-12 1.77151e-12 5.51184e-13  1.6536e-13 4.77136e-14 1.32623e-14 3.54587e-15  9.0886e-16 2.22443e-16 5.10342e-17 1.00649e-17 9.45482e-19
    2.01767     1.04999    0.588287    0.346504    0.210528    0.130317   0.0810705   0.0499515   0.0305674   0.0184623    0.010961  0.00640027   0.0036848  0.00209774  0.00117964 0.000653888  0.00035717 0.000192116  0.00010173 5.30739e-05 2.72305e-05 1.37321e-05 6.80404e-06 3.30956e-06 1.57931e-06 7.38455e-07 3.37959e-07 1.51211e-07 6.60689e-08 2.81621e-08 1.16882e-08 4.72059e-09 1.85225e-09 7.05027e-10  2.6014e-10 9.28797e-11 3.20522e-11 1.06851e-11 3.43591e-12 1.06563e-12 3.18979e-13 9.19174e-14 2.54281e-14 6.76119e-15 1.72626e-15 4.21766e-16 9.81883e-17 2.13839e-17 3.99708e-18 3.52562e-19
    2.05022     1.06787    0.598467    0.352213    0.213626    0.131952   0.0819641   0.0503703   0.0307327   0.0185079   0.0109528  0.00637303   0.0036533  0.00206922  0.00115689 0.000636929 0.000345463 0.000184441 9.68572e-05 5.00218e-05  2.5388e-05  1.2654e-05 6.19107e-06 2.97074e-06 1.39708e-06 6.43114e-07 2.89431e-07 1.27173e-07 5.44964e-08 2.27532e-08 9.23559e-09 3.64318e-09 1.39406e-09  5.1662e-10 1.85312e-10 6.42063e-11 2.14644e-11 6.91971e-12 2.14729e-12 6.41396e-13 1.84625e-13 5.10782e-14  1.3543e-14 3.44554e-15 8.40317e-16 1.95813e-16  4.3418e-17 8.99941e-18 1.60292e-18 1.35431e-19
    2.08178     1.08443    0.607566    0.357483    0.216725    0.133607   0.0829075   0.0508345   0.0309062    0.018561   0.0109443  0.00634422  0.00362037  0.00203975  0.00113388 0.000620309 0.000333967 0.000176982  9.2228e-05 4.71802e-05 2.36957e-05 1.16759e-05 5.64221e-06 2.67148e-06 1.23845e-06 5.61375e-07 2.48486e-07 1.07234e-07 4.50702e-08 1.84331e-08 7.31851e-09 2.82046e-09 1.05281e-09 3.79991e-10  1.3255e-10 4.45825e-11 1.44425e-11 4.50385e-12 1.34918e-12 3.88194e-13 1.07419e-13 2.85131e-14  7.2393e-15 1.76196e-15 4.10506e-16 9.12758e-17 1.93147e-17 3.82911e-18 6.56378e-19 5.46195e-20
    2.11276     1.10006    0.616342    0.362443    0.219767    0.135174   0.0838528   0.0513347   0.0311209   0.0186329     0.01095  0.00632233  0.00359053   0.0020117  0.00111154 0.000604309 0.000323012 0.000169841 8.77832e-05 4.44948e-05 2.21198e-05 1.07789e-05 5.14632e-06 2.40521e-06 1.09948e-06 4.90932e-07 2.13847e-07 9.07009e-08 3.74134e-08 1.49954e-08 5.82607e-09 2.19441e-09 7.99328e-10 2.81097e-10 9.54082e-11  3.1173e-11 9.79278e-12 2.95583e-12 8.55204e-13 2.37183e-13 6.31587e-14 1.61039e-14 3.92063e-15  9.1397e-16 2.03724e-16 4.33203e-17 8.78454e-18 1.68016e-18 2.82566e-19 2.47295e-20
     2.1435     1.11604    0.625048    0.367339    0.222661    0.136742   0.0847445   0.0518249   0.0313571   0.0187203   0.0109686  0.00630887  0.00356681  0.00198757  0.00109132 0.000589291 0.000312748 0.000163133 8.35855e-05 4.19816e-05 2.06616e-05 9.95915e-06 4.69933e-06 2.16873e-06  9.7781e-07 4.30161e-07 1.84465e-07 7.69534e-08 3.11837e-08 1.22606e-08 4.66609e-09 1.71897e-09 6.11486e-10  2.0969e-10 6.93048e-11 2.20159e-11 6.71415e-12 1.96412e-12 5.49645e-13 1.47151e-13  3.7765e-14 9.26617e-15 2.16805e-15 4.85098e-16 1.03711e-16 2.11775e-17 4.14836e-18 7.77681e-19 1.32483e-19  1.3173e-20
    2.17377      1.1327    0.633861    0.372148    0.225461    0.138308   0.0855766   0.0522753   0.0315731   0.0188014   0.0109838  0.00629516  0.00354418  0.00196454  0.00107198 0.000575044 0.000302958 0.000156759 7.96185e-05 3.96332e-05 1.93157e-05 9.21144e-06 4.29648e-06 1.95836e-06 8.71154e-07 3.77702e-07 1.59471e-07 6.54454e-08 2.60658e-08 1.00613e-08 3.75481e-09 1.35443e-09 4.71161e-10 1.57791e-10 5.08506e-11 1.57263e-11 4.66343e-12 1.32496e-12 3.59574e-13 9.31885e-14  2.3105e-14 5.46871e-15 1.23331e-15 2.65858e-16 5.47886e-17 1.08277e-17 2.07785e-18 3.91507e-19 7.03892e-20 8.33227e-21
    2.20342     1.14943    0.642883    0.376952    0.228287    0.139843   0.0863591   0.0526746   0.0317476   0.0188566    0.010983  0.00627256  0.00351669  0.00193902  0.00105151 0.000560479 0.000293127 0.000150451 7.57467e-05 3.73649e-05 1.80331e-05 8.50941e-06 3.92345e-06 1.76621e-06 7.75299e-07 3.31395e-07 1.37789e-07  5.5634e-08 2.17796e-08 8.25487e-09 3.02232e-09 1.06835e-09 3.63774e-10 1.19109e-10 3.74725e-11 1.12987e-11 3.26328e-12  9.0224e-13 2.38046e-13 5.98977e-14  1.4393e-14 3.29841e-15 7.20506e-16 1.50752e-16 3.02527e-17  5.8716e-18  1.1264e-18 2.19294e-19 4.30169e-20 6.08975e-21
    2.23171     1.16524    0.651545    0.381623    0.231037    0.141357   0.0871101   0.0530408   0.0318955   0.0188956   0.0109731  0.00624394  0.00348576  0.00191222   0.0010307 0.000545738 0.000283339 0.000144264 7.19999e-05 3.51853e-05 1.68114e-05 7.84824e-06 3.57667e-06 1.58992e-06 6.88541e-07 2.90096e-07 1.18771e-07  4.7176e-08 1.81492e-08 6.75293e-09 2.42497e-09 8.39868e-10 2.79875e-10 8.95724e-11 2.75124e-11 8.09076e-12 2.27688e-12 6.12793e-13 1.57256e-13 3.84487e-14 8.96764e-15  1.9945e-15 4.23582e-16 8.67207e-17  1.7156e-17 3.32725e-18 6.52247e-19 1.34552e-19 2.92877e-20 4.81904e-21
    2.25865     1.17995    0.659537    0.385954    0.233487    0.142788   0.0878474   0.0534017   0.0320431   0.0189368   0.0109662  0.00621777  0.00345649  0.00188705  0.00101149 0.000532112 0.000274289 0.000138561 6.85641e-05 3.31961e-05 1.57021e-05 7.25124e-06 3.26629e-06 1.43382e-06 6.12601e-07 2.54383e-07 1.02538e-07 4.00569e-08 1.51394e-08 5.52775e-09 1.94579e-09 6.59965e-10 2.15133e-10 6.72619e-11 2.01533e-11 5.77432e-12 1.58175e-12  4.1409e-13 1.03287e-13 2.45265e-14  5.5525e-15 1.19953e-15 2.48135e-16 4.99405e-17 9.84265e-18 1.94294e-18 4.00102e-19 8.99742e-20 2.18778e-20  4.0485e-21
    2.28506     1.19362    0.667112    0.390074    0.235723    0.144077   0.0885782   0.0537708   0.0321972   0.0189831   0.0109643  0.00619655  0.00343129  0.00186474 0.000994188 0.000519806 0.000266126 0.000133425 6.54797e-05 3.14211e-05 1.47182e-05 6.72522e-06 2.99519e-06 1.29888e-06 5.47763e-07 2.24306e-07 8.90599e-08 3.42322e-08 1.27155e-08 4.55759e-09 1.57296e-09 5.22468e-10  1.6662e-10 5.09125e-11 1.48912e-11 4.15952e-12 1.10938e-12 2.82526e-13 6.85262e-14 1.58315e-14 3.49228e-15 7.36901e-16 1.49652e-16 2.98321e-17  5.9439e-18 1.22496e-18  2.7362e-19 6.82911e-20 1.83359e-20 3.70223e-21
    2.31132     1.20741    0.674575    0.393931    0.237933    0.145277   0.0892529   0.0541467   0.0323562   0.0190333    0.010966  0.00617888   0.0034095  0.00184497 0.000978439 0.000508491 0.000258638 0.000128737 6.26815e-05 2.98213e-05 1.38389e-05 6.25917e-06 2.75711e-06 1.18157e-06 4.92021e-07 1.98771e-07 7.77834e-08 2.94352e-08 1.07522e-08 3.78547e-09 1.28178e-09 4.17105e-10 1.30155e-10 3.88721e-11 1.11047e-11 3.02698e-12 7.86894e-13 1.95078e-13 4.60306e-14 1.03548e-14 2.23139e-15 4.62311e-16 9.30514e-17 1.86601e-17 3.84132e-18 8.46583e-19 2.07684e-19 5.69246e-20  1.6425e-20 3.50283e-21
    2.33732     1.22226    0.682076    0.397664    0.240118    0.146485   0.0898803   0.0544968   0.0325073   0.0190854   0.0109726   0.0061649  0.00339063  0.00182752 0.000964443 0.000498367 0.000251911 0.000124524 6.01698e-05 2.83899e-05 1.30567e-05  5.8479e-06 2.54858e-06 1.07964e-06 4.44033e-07 1.77024e-07  6.8301e-08 2.54601e-08 9.15167e-09 3.16705e-09 1.05288e-09 3.35911e-10 1.02642e-10 2.99811e-11 8.36688e-12 2.22598e-12 5.64542e-13 1.36533e-13  3.1436e-14 6.90601e-15 1.45731e-15 2.97874e-16 5.99993e-17 1.23305e-17 2.68241e-18 6.41741e-19 1.71725e-19 5.03509e-20 1.51453e-20 3.28268e-21
    2.36272     1.23701    0.689392    0.401508    0.242185    0.147688   0.0905184   0.0548262   0.0326488   0.0191334   0.0109782  0.00615113  0.00337222  0.00181145 0.000952189 0.000489415 0.000245928 0.000120764  5.7926e-05 2.71145e-05 1.23631e-05 5.48557e-06 2.36636e-06 9.91371e-07 4.02887e-07 1.58577e-07 6.03513e-08   2.217e-08 7.84601e-09 2.67081e-09 8.72507e-10 2.73154e-10 8.18029e-11 2.33912e-11 6.38415e-12 1.65973e-12 4.11063e-13 9.70846e-14 2.18524e-14  4.7059e-15  9.7886e-16 1.99334e-16 4.07465e-17 8.72206e-18 2.03085e-18 5.26746e-19 1.51084e-19 4.62972e-20 1.42501e-20 3.12109e-21
    2.38841     1.25202    0.696628    0.405168    0.244155    0.148821   0.0911294   0.0551722   0.0328016   0.0191844   0.0109838  0.00613814  0.00335472  0.00179622 0.000940819 0.000481227 0.000240475 0.000117352 5.58991e-05 2.59669e-05 1.17421e-05 5.16296e-06  2.2053e-06 9.14057e-07 3.67244e-07 1.42786e-07 5.36357e-08 1.94304e-08 6.77479e-09 2.26985e-09 7.29154e-10 2.24259e-10  6.5907e-11 1.84735e-11 4.93769e-12 1.25646e-12  3.0443e-13 7.03381e-14 1.55121e-14 3.28701e-15 6.78697e-16  1.3925e-16 2.93238e-17 6.62614e-18   1.655e-18 4.58854e-19 1.38154e-19 4.36139e-20 1.36516e-20 3.03301e-21
     2.4151     1.26775    0.704062    0.408753    0.245964    0.149897   0.0917038   0.0555099   0.0329578     0.01924   0.0109958   0.0061308  0.00334125  0.00178311 0.000930302 0.000473686 0.000235476  0.00011424   5.406e-05 2.49319e-05 1.11852e-05 4.87547e-06 2.06276e-06 8.46173e-07 3.36249e-07 1.29204e-07 4.79322e-08 1.71357e-08 5.89061e-09 1.94399e-09 6.14531e-10 1.85839e-10 5.36567e-11 1.47634e-11 3.87037e-12 9.65598e-13  2.2935e-13 5.19918e-14 1.12812e-14 2.36536e-15 4.88504e-16 1.02103e-16 2.24424e-17 5.39205e-18 1.43673e-18 4.19114e-19 1.30239e-19 4.18336e-20 1.32111e-20 2.94906e-21
    2.44192     1.28277    0.711961    0.412357    0.247678    0.150878   0.0922131   0.0558331    0.033114   0.0193001   0.0110127  0.00612728  0.00333038  0.00177173 0.000920955 0.000466923 0.000230984 0.000111457 5.24287e-05 2.40194e-05 1.06969e-05 4.62444e-06 1.93902e-06 7.87684e-07 3.09721e-07 1.17667e-07 4.31302e-08 1.52234e-08 5.16279e-09 1.67945e-09 5.22835e-10 1.55568e-10  4.4162e-11 1.19397e-11 3.07448e-12 7.53403e-13  1.7585e-13 3.92357e-14 8.41282e-15  1.7564e-15 3.65923e-16 7.86416e-17  1.8138e-17 4.62215e-18 1.29973e-18 3.93985e-19 1.25107e-19 4.05768e-20 1.28669e-20 2.87252e-21
    2.46829     1.29699    0.720221    0.415785     0.24943    0.151696   0.0926509   0.0561217   0.0332604   0.0193566    0.011032  0.00612811  0.00332239  0.00176219 0.000912777 0.000460903 0.000226966 0.000108972 5.09809e-05  2.3214e-05  1.0268e-05 4.40469e-06 1.83126e-06 7.37083e-07 2.86945e-07 1.07846e-07 3.90782e-08 1.36253e-08 4.56145e-09 1.46375e-09 4.49141e-10 1.31628e-10 3.67795e-11 9.78254e-12 2.47777e-12 5.97517e-13 1.37401e-13 3.02773e-14 6.44539e-15 1.34855e-15 2.85623e-16 6.35226e-17 1.53688e-17 4.12064e-18 1.20706e-18 3.75795e-19  1.2102e-19 3.94517e-20 1.25189e-20 2.77341e-21
    2.49426     1.31133    0.728384     0.41963    0.251207    0.152478   0.0930534   0.0563358   0.0333859   0.0194052   0.0110512  0.00613213  0.00331722  0.00175452 0.000905759 0.000455594 0.000223386 0.000106742 4.96744e-05 2.24851e-05 9.88202e-06 4.20963e-06 1.73661e-06 6.93071e-07 2.67328e-07 9.94751e-08  3.5658e-08 1.22899e-08 4.06428e-09 1.28743e-09 3.89652e-10 1.12588e-10 3.10025e-11 8.12382e-12 2.02735e-12 4.82101e-13  1.0951e-13 2.39182e-14 5.07964e-15 1.07178e-15 2.32344e-16 5.37017e-17 1.36009e-17 3.79579e-18  1.1428e-18 3.61164e-19 1.17112e-19 3.82706e-20 1.21352e-20 2.66568e-21
    2.51891      1.3251    0.736405    0.424137    0.253105    0.153384   0.0934178   0.0565081   0.0334898   0.0194496   0.0110677  0.00613437  0.00331227  0.00174721 0.000899115 0.000450957 0.000220205 0.000104743 4.85017e-05 2.18309e-05 9.53713e-06  4.0372e-06 1.65382e-06 6.54942e-07 2.50483e-07 9.23507e-08  3.2775e-08 1.11758e-08 3.65399e-09 1.14355e-09 3.41705e-10 9.74411e-11 2.64717e-11 6.84302e-12 1.68531e-12 3.95991e-13 8.91073e-14 1.93666e-14 4.12361e-15 8.82245e-16 1.96597e-16 4.72234e-17  1.2446e-17 3.58019e-18 1.09782e-18 3.49987e-19 1.13867e-19 3.72439e-20 1.17962e-20 2.57431e-21
    2.54252     1.33833    0.744554    0.428903    0.255137    0.154439   0.0937937   0.0566926   0.0335686   0.0194787   0.0110762  0.00613323  0.00330706  0.00174075 0.000893371 0.000447152 0.000217536 0.000103029 4.74861e-05 2.12655e-05 9.23868e-06  3.8874e-06 1.58196e-06 6.21957e-07 2.35992e-07 8.62626e-08  3.0332e-08 1.02408e-08 3.31328e-09 1.02541e-09 3.02816e-10  8.5318e-11 2.28969e-11 5.84826e-12 1.42425e-12 3.31452e-13 7.41004e-14 1.60825e-14 3.44675e-15 7.50267e-16 1.71971e-16  4.2748e-17  1.1625e-17 3.42117e-18 1.06294e-18 3.40985e-19 1.11105e-19 3.62863e-20 1.14561e-20 2.47228e-21
    2.56642     1.35134    0.752654      0.4336    0.257392    0.155663   0.0942419   0.0568713   0.0336407   0.0194944   0.0110754  0.00612763  0.00330096  0.00173568 0.000889311 0.000444104 0.000215346 0.000101586 4.66165e-05 2.07771e-05 8.97961e-06 3.75688e-06 1.51947e-06 5.93418e-07 2.23536e-07 8.10688e-08 2.82663e-08 9.45793e-09 3.03085e-09 9.28489e-10 2.71267e-10 7.56031e-11 2.00704e-11 5.07357e-12 1.22443e-12  2.8296e-13 6.30291e-14 1.37015e-14 2.96407e-15 6.57449e-16 1.54775e-16 3.95966e-17 1.10241e-17 3.29672e-18 1.03305e-18 3.32584e-19 1.08397e-19 3.53319e-20 1.11176e-20 2.37667e-21
    2.58899     1.36348     0.75972    0.438116    0.259698     0.15702    0.094855   0.0570742   0.0337265   0.0195087   0.0110677  0.00611675  0.00329226  0.00173003 0.000885545   0.0004413 0.000213523 0.000100408 4.58982e-05 2.03666e-05 8.75924e-06 3.64491e-06 1.46572e-06 5.68911e-07 2.12897e-07 7.66635e-08 2.65295e-08 8.80613e-09   2.798e-09 8.49336e-10 2.45764e-10 6.78435e-11  1.7842e-11 4.47148e-12  1.0716e-12 2.46512e-13   5.486e-14 1.19776e-14 2.62127e-15 5.92853e-16 1.43067e-16 3.74983e-17 1.06291e-17 3.20711e-18 1.00796e-18 3.24291e-19 1.05574e-19 3.44058e-20 1.08183e-20 2.30709e-21
    2.60867     1.37542    0.765701      0.4424    0.261929    0.158358   0.0956363   0.0573905    0.033861   0.0195436   0.0110617  0.00610386  0.00328151  0.00172261 0.000880701 0.000438137 0.000211787 9.93952e-05 4.53023e-05 2.00277e-05 8.57656e-06  3.5512e-06 1.42027e-06 5.48034e-07 2.03827e-07 7.29206e-08 2.50643e-08 8.26136e-09 2.60543e-09  7.8459e-10 2.25139e-10 6.16474e-11 1.60872e-11 4.00413e-12 9.54726e-13 2.19092e-13 4.88278e-14 1.07313e-14  2.3793e-15 5.48446e-16  1.3523e-16 3.61316e-17 1.03769e-17  3.1453e-18 9.88252e-19 3.17012e-19 1.02991e-19 3.35846e-20 1.05684e-20 2.25588e-21
    2.62636     1.38712    0.771381    0.446246    0.264244    0.159596   0.0964732   0.0577809    0.034081   0.0196236   0.0110729  0.00609755  0.00327249  0.00171466 0.000875092 0.000434633 0.000209875 9.83543e-05 4.47383e-05  1.9724e-05 8.41945e-06 3.47323e-06 1.38263e-06  5.3065e-07 1.96246e-07 6.97885e-08   2.384e-08 7.80816e-09 2.44635e-09 7.31576e-10 2.08422e-10 5.66886e-11 1.47017e-11 3.64058e-12 8.65285e-13 1.98472e-13 4.43782e-14 9.83176e-15 2.20901e-15 5.17947e-16 1.29896e-16 3.51904e-17 1.01946e-17   3.102e-18 9.74757e-19 3.12089e-19 1.01228e-19 3.30166e-20  1.0397e-20 2.22407e-21
    2.64225     1.39689    0.776896    0.449751    0.266429    0.160744   0.0972835   0.0581908    0.034365    0.019757     0.01112  0.00610956  0.00327078  0.00170905 0.000870057 0.000431115 0.000207771 9.71876e-05 4.41244e-05 1.94115e-05 8.26791e-06 3.40383e-06 1.35077e-06 5.16329e-07  1.9007e-07 6.72552e-08 2.28506e-08  7.4419e-09  2.3181e-09 6.89033e-10 1.95088e-10 5.27577e-11 1.36121e-11 3.35779e-12 7.96744e-13 1.82913e-13 4.10693e-14 9.17055e-15 2.08455e-15 4.95731e-16 1.26064e-16 3.45289e-17 1.00717e-17 3.07422e-18 9.66421e-19 3.09074e-19 1.00143e-19 3.26673e-20 1.02921e-20 2.20479e-21
    2.65566     1.40412    0.782076    0.452817    0.268255    0.161767   0.0980038   0.0586342   0.0346517   0.0199172   0.0112025  0.00614484  0.00328107  0.00171004 0.000868544 0.000428897  0.00020603  9.6093e-05  4.3508e-05 1.90935e-05 8.11319e-06 3.33349e-06 1.31972e-06 5.02995e-07  1.8456e-07 6.50789e-08 2.20247e-08 7.14309e-09 2.21573e-09 6.55821e-10 1.84917e-10 4.97769e-11 1.27915e-11 3.14703e-12 7.46392e-13 1.71668e-13 3.86937e-14 8.69013e-15 1.99116e-15  4.7858e-16   1.232e-16 3.40768e-17 1.00042e-17 3.05788e-18 9.60502e-19 3.06582e-19 9.91909e-20 3.23544e-20 1.01899e-20 2.17516e-21
    2.66588     1.40977    0.786216    0.455055    0.269695    0.162635   0.0985962    0.059033    0.034911   0.0200722   0.0112942   0.0061933  0.00330241  0.00171904 0.000872255 0.000429688 0.000205698 9.55874e-05 4.31139e-05 1.88437e-05 7.97552e-06 3.26477e-06  1.2885e-06 4.89609e-07 1.79153e-07 6.30044e-08 2.12644e-08 6.87774e-09 2.12783e-09 6.28222e-10 1.76768e-10 4.74711e-11 1.21765e-11 2.99479e-12 7.11662e-13 1.64368e-13 3.72358e-14 8.40657e-15  1.9387e-15 4.69735e-16 1.21992e-16 3.39624e-17 1.00073e-17 3.05734e-18 9.58191e-19 3.04922e-19 9.84403e-20  3.2083e-20 1.00851e-20 2.13637e-21
    2.67116     1.41371     0.78845    0.456482    0.270634    0.163181   0.0990388   0.0593424   0.0351124   0.0202032   0.0113697  0.00623872   0.0033272  0.00173122 0.000878241 0.000432657 0.000206766 9.58582e-05 4.31174e-05 1.87775e-05 7.91646e-06 3.22707e-06 1.26855e-06 4.80067e-07 1.74875e-07 6.12298e-08 2.05794e-08 6.63016e-09 2.04487e-09 6.02429e-10 1.69214e-10 4.54054e-11 1.16454e-11  2.8677e-12 6.83296e-13 1.58511e-13 3.61227e-14 8.21334e-15 1.90993e-15  4.6647e-16 1.21848e-16 3.40422e-17 1.00464e-17 3.07449e-18 9.64365e-19 3.07044e-19 9.91352e-20 3.22846e-20 1.01329e-20 2.15134e-21
    2.67381     1.41424    0.788304    0.457059    0.270974    0.163402   0.0992685   0.0595469   0.0352246   0.0202843   0.0114165  0.00626947  0.00334658  0.00174114 0.000883388  0.00043536 0.000207968 9.63509e-05 4.33095e-05 1.88534e-05 7.93902e-06 3.22951e-06 1.26626e-06 4.77786e-07 1.73368e-07 6.04585e-08 2.02381e-08 6.49463e-09 1.99673e-09 5.86994e-10 1.64626e-10 4.40862e-11 1.12914e-11 2.77129e-12 6.56399e-13  1.5173e-13 3.46437e-14 7.93251e-15 1.86062e-15 4.58223e-16   1.204e-16 3.37785e-17 9.99767e-18 3.07448e-18 9.69036e-19 3.10074e-19 1.00489e-19 3.27493e-20 1.02732e-20 2.18889e-21
     2.6848     1.41464    0.785499    0.456257    0.270615    0.163237   0.0992104   0.0595455   0.0352252   0.0202962   0.0114283  0.00628058  0.00335449  0.00174554 0.000885904 0.000436311 0.000208532 9.66131e-05 4.34091e-05 1.88971e-05 7.95681e-06 3.23584e-06 1.26876e-06 4.78825e-07  1.7366e-07 6.05156e-08 2.02293e-08 6.48102e-09 1.99024e-09  5.8496e-10 1.64172e-10 4.39506e-11 1.12594e-11 2.75985e-12 6.51284e-13 1.50265e-13  3.4395e-14  7.9305e-15 1.87663e-15 4.66094e-16 1.23249e-16 3.47234e-17 1.03059e-17 3.17698e-18  1.0037e-18 3.21887e-19 1.03921e-19 3.35204e-20 1.04171e-20  2.1946e-21
    2.70723     1.42182     0.78506    0.455331    0.269728    0.162512   0.0987343   0.0592571   0.0350803   0.0202218   0.0113906  0.00626303  0.00334564  0.00174091 0.000883506 0.000434905  0.00020799  9.6369e-05 4.32733e-05 1.88266e-05 7.92295e-06 3.22092e-06 1.26325e-06 4.77131e-07 1.73065e-07 6.02971e-08 2.01493e-08 6.45285e-09 1.98149e-09 5.82853e-10 1.63893e-10 4.40031e-11 1.13136e-11 2.78878e-12  6.6297e-13 1.54086e-13 3.55203e-14 8.24997e-15 1.96745e-15 4.91798e-16  1.3055e-16 3.68353e-17 1.09347e-17 3.36836e-18 1.06323e-18 3.40669e-19 1.09447e-19 3.49783e-20 1.07877e-20 2.28012e-21
    2.73449     1.43597    0.790548    0.456906    0.269806     0.16216   0.0983546   0.0589784   0.0349156   0.0201207    0.011329  0.00622718   0.0033252  0.00172931 0.000877059 0.000431528  0.00020625 9.54917e-05 4.28402e-05 1.86256e-05 7.83252e-06 3.18139e-06 1.24691e-06 4.70753e-07 1.70657e-07 5.94216e-08  1.9851e-08 6.35772e-09  1.9521e-09 5.73997e-10 1.61439e-10 4.33949e-11 1.11767e-11 2.76329e-12 6.59635e-13 1.53966e-13 3.56454e-14 8.31626e-15 1.99248e-15 4.99915e-16 1.32972e-16 3.75365e-17 1.11388e-17  3.4289e-18  1.0814e-18 3.46153e-19 1.11261e-19 3.56125e-20 1.09881e-20 2.31872e-21
    2.76354     1.45332     0.79935    0.461227    0.271818     0.16302   0.0986961   0.0591065   0.0349562   0.0201289   0.0113252  0.00622046  0.00331933  0.00172496 0.000874122 0.000429756 0.000205236 9.49484e-05 4.25622e-05 1.84891e-05 7.76866e-06 3.15289e-06 1.23472e-06 4.65789e-07 1.68756e-07  5.8728e-08 1.96095e-08 6.27811e-09  1.9271e-09 5.66577e-10 1.59417e-10 4.28861e-11 1.10596e-11 2.74007e-12 6.55845e-13 1.53496e-13 3.56293e-14 8.33414e-15  2.0019e-15 5.03283e-16 1.33996e-16 3.78204e-17 1.12145e-17 3.44834e-18  1.0861e-18 3.47162e-19 1.11521e-19 3.56916e-20 1.09938e-20 2.29528e-21
     2.7932     1.47209    0.809654    0.466997    0.275078    0.164815    0.099677   0.0596475   0.0352521    0.020292   0.0114119  0.00626516  0.00334195  0.00173593 0.000879192 0.000432064 0.000206235 9.53676e-05  4.2729e-05 1.85507e-05 7.79013e-06 3.15988e-06 1.23674e-06 4.66304e-07 1.68867e-07 5.87412e-08 1.96057e-08 6.27492e-09 1.92573e-09 5.66175e-10  1.5938e-10 4.29189e-11 1.10835e-11 2.75178e-12 6.60383e-13 1.54952e-13 3.60535e-14 8.45226e-15 2.03417e-15 5.12019e-16 1.36354e-16 3.84574e-17 1.13898e-17 3.49728e-18 1.09981e-18  3.5101e-19 1.12664e-19 3.60423e-20 1.10859e-20 2.30393e-21
    2.82301     1.49161    0.820664    0.473418    0.278928    0.167106    0.101032   0.0604456   0.0357109   0.0205527    0.011554  0.00634007  0.00338022  0.00175455 0.000887799 0.000435885 0.000207824  9.5996e-05 4.29607e-05 1.86297e-05 7.81481e-06 3.16673e-06 1.23827e-06 4.66487e-07 1.68818e-07 5.86853e-08 1.95753e-08 6.26212e-09 1.92114e-09  5.6478e-10 1.59035e-10 4.28629e-11 1.10828e-11  2.7566e-12 6.63054e-13 1.55935e-13 3.63593e-14 8.54065e-15 2.05893e-15 5.18801e-16 1.38188e-16 3.89537e-17 1.15266e-17 3.53541e-18 1.11049e-18 3.54007e-19 1.13549e-19 3.63076e-20 1.11519e-20 2.30711e-21
    2.85269     1.51161    0.832072    0.480155    0.283036    0.169605    0.102539   0.0613393   0.0362165   0.0208279   0.0116949  0.00640855  0.00341203  0.00176842 0.000893388 0.000437949 0.000208478 9.61541e-05 4.29678e-05 1.86086e-05 7.79696e-06 3.15649e-06 1.23337e-06 4.64383e-07 1.68021e-07 5.84049e-08 1.94839e-08 6.23472e-09 1.91357e-09  5.6294e-10 1.58684e-10 4.28276e-11 1.10934e-11 2.76539e-12 6.66842e-13 1.57229e-13 3.67447e-14 8.64788e-15 2.08819e-15 5.26674e-16 1.40293e-16 3.95249e-17 1.16859e-17 3.58027e-18 1.12324e-18 3.57669e-19 1.14631e-19 3.66271e-20 1.12349e-20 2.31927e-21
    2.88198     1.53191    0.843738    0.487058    0.287238    0.172142    0.104024   0.0621692   0.0366404   0.0210278   0.0117799  0.00644103  0.00342293  0.00177118 0.000893508 0.000437509 0.000208089 9.59096e-05 4.28341e-05 1.85436e-05 7.76752e-06 3.14409e-06 1.22844e-06 4.62549e-07  1.6739e-07 5.82033e-08 1.94238e-08 6.21853e-09 1.90973e-09 5.62217e-10 1.58644e-10 4.28702e-11 1.11218e-11 2.77773e-12 6.71246e-13 1.58609e-13 3.71396e-14  8.7555e-15 2.11712e-15 5.34412e-16 1.42372e-16 4.00965e-17 1.18484e-17 3.62696e-18 1.13689e-18 3.61722e-19 1.15858e-19 3.69955e-20 1.13371e-20 2.34283e-21
    2.91066     1.55239    0.855561    0.493979    0.291313     0.17447    0.105271   0.0627825   0.0368974   0.0211159   0.0117995   0.0064392  0.00341744  0.00176688 0.000890909 0.000436165 0.000207457 9.56321e-05  4.2719e-05 1.84967e-05 7.74916e-06 3.13709e-06  1.2258e-06 4.61589e-07 1.67059e-07 5.80953e-08 1.93912e-08  6.2097e-09 1.90771e-09 5.61924e-10 1.58681e-10 4.29247e-11 1.11502e-11 2.78916e-12 6.75213e-13 1.59837e-13 3.74887e-14 8.85043e-15 2.14264e-15 5.41243e-16 1.44216e-16 4.06079e-17 1.19954e-17 3.66982e-18 1.14964e-18  3.6559e-19 1.17048e-19  3.7357e-20 1.14415e-20 2.37422e-21
     2.9384     1.57293    0.866992    0.500298    0.294743    0.176245    0.106113   0.0631392   0.0370141   0.0211341   0.0117871  0.00642383  0.00340687  0.00176111 0.000888186 0.000435044 0.000207032 9.54823e-05 4.26702e-05 1.84783e-05 7.74222e-06 3.13422e-06 1.22457e-06  4.6108e-07 1.66867e-07  5.8027e-08 1.93695e-08 6.20361e-09 1.90629e-09 5.61721e-10 1.58709e-10 4.29656e-11 1.11713e-11 2.79764e-12 6.78178e-13 1.60761e-13 3.77531e-14 8.92287e-15 2.16221e-15 5.46516e-16 1.45649e-16 4.10097e-17 1.21122e-17 3.70423e-18 1.16002e-18 3.68783e-19  1.1804e-19 3.76612e-20 1.15317e-20 2.41338e-21
     2.9646     1.59336     0.87747    0.505591    0.297357    0.177471     0.10664   0.0633354   0.0370621   0.0211273   0.0117678  0.00640776   0.0033972  0.00175635 0.000886216  0.00043438  0.00020684 9.54389e-05 4.26646e-05 1.84759e-05 7.74069e-06 3.13305e-06 1.22391e-06 4.60755e-07 1.66738e-07 5.79801e-08 1.93547e-08 6.19955e-09 1.90536e-09 5.61597e-10 1.58733e-10 4.29928e-11 1.11849e-11 2.80309e-12 6.80083e-13 1.61356e-13 3.79247e-14 8.97026e-15 2.17511e-15 5.50007e-16 1.46603e-16 4.12785e-17 1.21908e-17 3.72744e-18 1.16703e-18 3.70949e-19 1.18711e-19 3.78651e-20 1.15926e-20  2.4828e-21