  0.0313714 5.81034e-18 5.41094e-25 9.42437e-25 1.73672e-24 3.59022e-24 8.72221e-24 2.51716e-23 8.60362e-23 3.58568e-22 1.89299e-21 1.30148e-20 1.13022e-19  1.0555e-18 8.10308e-18 4.63143e-17 2.49613e-16 1.69128e-12 3.32332e-12 2.65423e-12  1.5514e-12 8.14115e-13 3.99116e-13 1.81599e-13 7.66142e-14 3.10553e-14 1.19951e-14 4.51978e-15 1.67016e-15 6.05483e-16  2.1895e-16 7.80928e-17 2.78558e-17 9.91057e-18 3.51659e-18 1.24826e-18 4.42869e-19  1.5708e-19 5.57456e-20 1.97887e-20 7.02616e-21  2.4962e-21 8.87333e-22 3.15565e-22 1.12288e-22 3.99776e-23 1.42419e-23 5.07673e-24 1.81053e-24 6.55082e-25
  0.0901907   0.0275735   0.0130456  0.00623602  0.00298089  0.00144043 0.000701371 0.000329328 0.000138201 4.79256e-05 1.26671e-05  2.5074e-06 4.21745e-07 7.91076e-08 1.97946e-08 6.08138e-09 2.01841e-09 6.89465e-10 2.38746e-10 8.29579e-11 2.88001e-11 9.99995e-12 3.46394e-12 1.19654e-12 4.12196e-13 1.41844e-13 4.89278e-14 1.69267e-14 5.87754e-15 2.05044e-15 7.16684e-16 2.51498e-16 8.83899e-17 3.11117e-17 1.09689e-17 3.87121e-18 1.36781e-18 4.83746e-19 1.71209e-19 6.06462e-20 2.15006e-20 7.62825e-21 2.70833e-21 9.62217e-22 3.42079e-22 1.21688e-22  4.3312e-23 1.54235e-23 5.49525e-24 1.96307e-24
   0.141404   0.0517766   0.0245413   0.0117576  0.00562874  0.00271924  0.00132305 0.000621795 0.000262576 9.24973e-05 2.52566e-05 5.28118e-06 9.41056e-07 1.76232e-07 4.09113e-08 1.16503e-08 3.69705e-09 1.22826e-09 4.17662e-10 1.43084e-10 4.91418e-11 1.68985e-11 5.80449e-12 1.99332e-12 6.84378e-13 2.35206e-13 8.11295e-14 2.80767e-14 9.75548e-15 3.40484e-15 1.19066e-15 4.17966e-16 1.46948e-16 5.17393e-17 1.82459e-17 6.44099e-18 2.27612e-18 8.05132e-19 2.85032e-19 1.00989e-19 3.58098e-20 1.27068e-20 4.51197e-21 1.60322e-21 5.70011e-22 2.02786e-22 7.21834e-23 2.57068e-23 9.15957e-24 3.27347e-24
   0.187113   0.0735362   0.0349317   0.0167811  0.00804977  0.00388988  0.00189261 0.000891505 0.000380062 0.000136937 3.91352e-05 8.82168e-06 1.71086e-06 3.31229e-07 7.28005e-08 1.89157e-08 5.57368e-09 1.75684e-09  5.8039e-10  1.9643e-10  6.7279e-11 2.31824e-11 7.99605e-12 2.76012e-12 9.51736e-13 3.28282e-13 1.13446e-13 3.92912e-14 1.36552e-14 4.76487e-15 1.66585e-15 5.84707e-16 2.05569e-16   7.238e-17  2.5527e-17 9.01231e-18  3.1851e-18 1.12679e-18 3.98949e-19 1.41365e-19 5.01314e-20 1.77904e-20 6.31764e-21 2.24502e-21 7.98276e-22 2.84021e-22  1.0111e-22 3.60121e-23 1.28327e-23 4.58831e-24
   0.228766    0.093487   0.0445227   0.0214553   0.0103181  0.00499018  0.00242948   0.0011483 0.000495459 0.000183481 5.53248e-05 1.35796e-05 2.90771e-06   6.021e-07  1.3188e-07 3.21509e-08  8.7203e-09 2.52249e-09 7.81581e-10 2.54499e-10 8.56106e-11 2.93761e-11 1.01597e-11 3.52533e-12 1.22149e-12 4.23017e-13 1.46444e-13 5.07351e-14 1.76233e-14  6.1427e-15 2.14522e-15 7.52441e-16 2.64425e-16 9.30745e-17 3.28236e-17 1.15886e-17  4.0958e-18 1.44911e-18  5.1313e-19 1.81845e-19 6.44939e-20 2.28901e-20 8.12957e-21 2.88924e-21 1.02748e-21 3.65617e-22 1.30175e-22 4.63713e-23 1.65267e-23 5.91157e-24
   0.267407    0.112084   0.0535343   0.0258878   0.0124886  0.00604894  0.00294828  0.00139959 0.000612281 0.000233767 7.46532e-05 2.00053e-05 4.75087e-06 1.07553e-06 2.46955e-07 6.00088e-08 1.56132e-08 4.17376e-09 1.17716e-09 3.51246e-10 1.10601e-10 3.65495e-11 1.24509e-11 4.30794e-12 1.49629e-12 5.20171e-13 1.80503e-13 6.25845e-14 2.17265e-14 7.55902e-15 2.63473e-15 9.22705e-16 3.23898e-16 1.13913e-16 4.01599e-17 1.41764e-17 5.01014e-18 1.77276e-18 6.27812e-19 2.22514e-19 7.89301e-20 2.80186e-20 9.95253e-21 3.53769e-21 1.25832e-21 4.47837e-22 1.59478e-22 5.68222e-23 2.02562e-23 7.24664e-24
   0.303821    0.129665   0.0621319   0.0301615   0.0146042  0.00708874  0.00346084  0.00165124 0.000733245 0.000289056  9.7831e-05 2.85666e-05 7.51037e-06 1.87554e-06  4.6555e-07  1.1889e-07 3.16305e-08 8.35097e-09 2.23336e-09  6.0745e-10 1.70287e-10 5.05144e-11  1.5941e-11 5.28185e-12 1.80279e-12 6.23661e-13 2.16432e-13   7.512e-14 2.60772e-14 9.05399e-15 3.14786e-15 1.09925e-15 3.84968e-16 1.35141e-16 4.75982e-17 1.67914e-17 5.93224e-18 2.09902e-18 7.43412e-19 2.63516e-19 9.34927e-20 3.31956e-20  1.1794e-20 4.19318e-21 1.49186e-21 5.31087e-22 1.89172e-22 6.74221e-23 2.40427e-23 8.59742e-24
   0.338618    0.146491   0.0704446   0.0343434   0.0166999  0.00812848  0.00397728  0.00190824 0.000860595  0.00035037 0.000125489 3.97478e-05 1.15071e-05 3.16994e-06 8.60802e-07  2.3738e-07  6.7375e-08 1.87632e-08 5.17491e-09 1.40059e-09 3.69489e-10 9.77149e-11 2.67663e-11 7.72655e-12 2.39166e-12 7.78327e-13  2.6203e-13 8.97681e-14 3.09945e-14 1.07193e-14 3.71502e-15 1.29115e-15 4.50187e-16 1.57447e-16  5.5316e-17 1.94775e-17   6.873e-18 2.43089e-18 8.60796e-19  3.0511e-19 1.08271e-19 3.84538e-20 1.36656e-20 4.86013e-21 1.72979e-21    6.16e-22 2.19492e-22 7.82592e-23 2.79196e-23 9.96925e-24
   0.372278    0.162773   0.0785744   0.0384863   0.0188051  0.00918507  0.00450668  0.00217511   0.0009963 0.000418598 0.000158193  5.4033e-05 1.71035e-05 5.17311e-06 1.53809e-06  4.6158e-07 1.41883e-07 4.29069e-08 1.28206e-08 3.73838e-09 1.04002e-09 2.78167e-10 7.25326e-11 1.87596e-11 4.99615e-12 1.37125e-12 3.99224e-13 1.23232e-13 3.98429e-14 1.32635e-14 4.49245e-15 1.53682e-15 5.29308e-16 1.83399e-16 6.39692e-17 2.23968e-17 7.87238e-18 2.77861e-18 9.82562e-19 3.47974e-19  1.2347e-19 4.38583e-20 1.55885e-20 5.54603e-21  1.9749e-21 7.03617e-22 2.50827e-22   8.948e-23 3.19419e-23 1.13724e-23
   0.405192    0.178681   0.0866071   0.0426351    0.020945   0.0102738  0.00505742  0.00245603  0.00114219 0.000494564 0.000196467 7.18965e-05 2.46926e-05 8.14492e-06 2.63993e-06 8.60731e-07 2.86617e-07 9.44884e-08 3.09205e-08 9.95363e-09 3.06982e-09 9.07238e-10 2.56805e-10 6.96938e-11 1.87998e-11 4.89642e-12 1.26846e-12 3.33663e-13 9.07216e-14 2.58643e-14 7.61455e-15 2.34831e-15 7.42855e-16 2.41542e-16 8.03864e-17 2.71583e-17 9.31573e-18 3.23589e-18 1.13111e-18  3.9756e-19 1.40514e-19 4.97899e-20 1.76638e-20 6.28135e-21 2.23687e-21 7.97067e-22 2.84228e-22 1.01457e-22 3.62363e-23 1.28665e-23
   0.437679     0.19436   0.0946153   0.0468295   0.0231426   0.0114087  0.00563789  0.00275577  0.00130059 0.000579165   0.0002408 9.37868e-05 3.46793e-05 1.23833e-05 4.34811e-06 1.53215e-06 5.49856e-07 1.96482e-07 7.00524e-08  2.4807e-08  8.5047e-09 2.81953e-09 8.98914e-10 2.74572e-10 8.23421e-11 2.37663e-11 6.64556e-12 1.82572e-12 4.99859e-13 1.38954e-13 3.80939e-14 1.07856e-14 3.03471e-15 8.59683e-16 2.46873e-16 7.13732e-17 2.11338e-17 6.43006e-18  1.9913e-18 6.35473e-19 2.09527e-19 7.00719e-20 2.37049e-20  8.2198e-21 2.87019e-21 1.00573e-21 3.54747e-22 1.26125e-22 4.43336e-23 1.85736e-23
   0.470003    0.209933    0.102661   0.0511047   0.0254188   0.0126029  0.00625682   0.0030793  0.00147397 0.000673626 0.000291716 0.000120128 4.74656e-05 1.82125e-05 6.88172e-06   2.605e-06 1.00102e-06 3.84617e-07 1.48054e-07 5.70285e-08 2.14847e-08 7.90877e-09 2.82381e-09 9.73179e-10  3.2815e-10 1.07086e-10 3.38768e-11 1.04857e-11 3.22076e-12 9.97793e-13  3.0309e-13 9.51877e-14 2.95218e-14 9.12043e-15 2.82129e-15  8.6433e-16 2.63527e-16 7.99302e-17 2.40452e-17 7.28137e-18 2.24126e-18 6.89132e-19 2.12371e-19 6.95095e-20 2.29236e-20 7.58357e-21 2.58295e-21 9.17162e-22 2.95329e-22 2.85022e-22
   0.502383    0.225505    0.110799   0.0554916   0.0277922   0.0138696  0.00692301  0.00343174  0.00166504  0.00077929 0.000349983 0.000151345 6.34437e-05 2.59741e-05 1.04922e-05 4.24068e-06 1.73424e-06 7.10937e-07  2.9276e-07 1.21246e-07 4.95271e-08 1.99421e-08 7.85636e-09 3.01225e-09 1.13119e-09 4.12344e-10 1.46546e-10 5.09796e-11 1.75729e-11 6.07707e-12 2.06519e-12 7.26069e-13 2.52957e-13 8.82427e-14 3.11059e-14 1.09129e-14 3.81441e-15 1.32635e-15 4.58943e-16 1.58217e-16 5.43286e-17 1.85944e-17 6.36234e-18 2.23705e-18 7.88808e-19 2.78545e-19  1.0057e-19 3.74729e-20 1.28206e-20 1.22221e-20
   0.535005    0.241169    0.119079   0.0600169   0.0302804   0.0152214  0.00764552  0.00381892  0.00187705 0.000897792 0.000416467 0.000187976 8.29919e-05 3.60103e-05 1.54544e-05 6.63067e-06 2.87021e-06 1.24694e-06 5.44945e-07 2.40201e-07   1.051e-07 4.56336e-08 1.95329e-08 8.19696e-09 3.37849e-09 1.35645e-09 5.33919e-10  2.0611e-10  7.8726e-11 3.00035e-11 1.12616e-11 4.33965e-12 1.65918e-12 6.36845e-13 2.48265e-13 9.65765e-14 3.76958e-14 1.47674e-14 5.78042e-15 2.25612e-15 8.76014e-16  3.3979e-16 1.31892e-16 5.11467e-17 1.98346e-17 7.70533e-18 3.01692e-18 1.19156e-18 4.42617e-19 3.80978e-19
   0.568018    0.257016    0.127541   0.0647061   0.0329006    0.016671  0.00843388  0.00424732  0.00211388  0.00103125 0.000492255 0.000230657 0.000106538  4.8655e-05 2.20542e-05 9.99169e-06 4.55562e-06 2.08547e-06 9.60921e-07 4.47016e-07 2.07366e-07 9.59112e-08 4.39932e-08 1.99029e-08 8.86548e-09 3.87141e-09 1.66313e-09 7.02581e-10 2.93494e-10  1.2188e-10 4.99538e-11 2.08042e-11 8.59906e-12  3.5645e-12 1.49729e-12 6.27596e-13 2.64926e-13 1.12848e-13 4.81112e-14 2.05549e-14 8.81202e-15 3.78564e-15  1.6297e-15 7.00223e-16 3.01005e-16 1.29764e-16  5.5816e-17 2.38113e-17 9.77737e-18 7.59733e-18
   0.601552     0.27312    0.136224   0.0695835   0.0356697   0.0182306  0.00929794  0.00472417  0.00238009  0.00118235  0.00057882 0.000280176 0.000134582 6.42764e-05 3.05775e-05 1.45557e-05 6.96031e-06 3.34113e-06 1.61421e-06 7.87218e-07 3.83951e-07 1.87281e-07 9.09813e-08  4.3766e-08 2.08274e-08  9.7644e-09 4.51567e-09 2.05925e-09 9.28717e-10 4.15598e-10 1.83908e-10 8.19845e-11  3.6289e-11 1.60735e-11 7.17983e-12 3.19795e-12 1.43262e-12 6.46829e-13 2.92142e-13 1.32529e-13 6.06353e-14 2.78433e-14 1.28144e-14 5.93816e-15 2.76228e-15  1.2888e-15 6.00444e-16 2.77648e-16  1.2612e-16 8.43262e-17
   0.635717    0.289543    0.145163   0.0746717   0.0386035   0.0199126   0.0102479  0.00525732  0.00268119  0.00135453 0.000678125 0.000337607 0.000167731 8.32782e-05 4.13406e-05 2.05693e-05 1.02731e-05 5.14937e-06 2.59676e-06 1.32049e-06 6.72656e-07 3.43275e-07 1.74984e-07 8.86227e-08 4.45609e-08 2.21539e-08  1.0893e-08 5.29494e-09 2.54709e-09 1.21509e-09 5.74029e-10 2.71531e-10 1.27619e-10 5.98979e-11 2.82235e-11 1.32544e-11 6.24517e-12 2.95669e-12 1.39877e-12  6.6406e-13 3.17685e-13 1.52468e-13  7.3295e-14 3.55547e-14 1.73367e-14 8.46946e-15 4.14105e-15 2.01963e-15 9.75075e-16 5.47337e-16
   0.670595    0.306346    0.154388   0.0799913   0.0417178   0.0217295   0.0112938  0.00585501   0.0030235  0.00155203 0.000792794 0.000404456 0.000206823 0.000106158 5.46846e-05 2.82953e-05 1.46996e-05 7.66519e-06 4.01973e-06 2.12263e-06 1.12358e-06 5.96231e-07 3.16543e-07 1.67363e-07 8.80772e-08 4.59529e-08 2.37647e-08 1.21741e-08 6.17771e-09 3.11029e-09  1.5524e-09 7.72772e-10 3.82459e-10 1.88715e-10 9.31516e-11 4.58161e-11 2.25568e-11 1.11286e-11 5.48306e-12 2.70702e-12 1.34338e-12 6.68004e-13 3.32535e-13  1.6687e-13 8.40975e-14 4.24097e-14 2.13739e-14 1.07276e-14 5.29755e-15 2.54933e-15
   0.706249    0.323582    0.163931   0.0855619   0.0450273    0.023694    0.012446  0.00652564   0.0034138  0.00177992 0.000926278 0.000482854 0.000253083  0.00013361 7.10314e-05 3.80251e-05 2.04617e-05 1.10591e-05 6.01057e-06 3.28522e-06 1.80022e-06 9.88831e-07 5.43677e-07 2.98079e-07 1.62906e-07 8.84185e-08 4.76503e-08 2.54755e-08 1.35054e-08 7.10862e-09 3.71184e-09 1.92967e-09 9.97879e-10 5.13849e-10 2.64054e-10 1.35218e-10 6.91619e-11 3.53572e-11 1.80425e-11 9.21737e-12 4.72542e-12 2.42554e-12 1.24583e-12 6.43819e-13 3.33764e-13  1.7296e-13 8.93265e-14 4.56925e-14 2.26873e-14 9.63241e-15
   0.742723    0.341296    0.173816   0.0914015   0.0485455   0.0258172   0.0137143  0.00727761  0.00385914  0.00204389   0.0010828 0.000575686  0.00030831 0.000166691 9.09947e-05 5.01353e-05 2.78179e-05 1.55214e-05 8.71208e-06 4.91441e-06 2.77949e-06  1.5752e-06 8.93383e-07 5.05546e-07 2.85261e-07 1.60005e-07 8.91841e-08 4.93484e-08 2.70996e-08 1.47873e-08 8.00798e-09 4.31535e-09 2.31403e-09 1.23475e-09 6.56405e-10 3.47711e-10 1.83773e-10 9.69612e-11 5.10581e-11 2.68875e-11 1.41847e-11 7.48981e-12 3.95667e-12 2.09762e-12 1.11364e-12 5.90537e-13 3.11561e-13 1.62074e-13 8.06816e-14 3.13419e-14
   0.780048    0.359528    0.184063   0.0975208    0.052282   0.0281072   0.0151063  0.00811788  0.00436572  0.00234936  0.00126674 0.000686287 0.000374826 0.000206876 0.000115459 6.51432e-05 3.70839e-05 2.12606e-05 1.22713e-05 7.11879e-06 4.14209e-06 2.41477e-06 1.40833e-06  8.1974e-07  4.7561e-07 2.74404e-07 1.57337e-07   8.957e-08 5.06202e-08  2.8428e-08 1.58497e-08  8.7876e-09 4.84762e-09 2.66082e-09 1.45477e-09 7.92546e-10 4.30506e-10 2.33315e-10 1.26227e-10 6.82411e-11 3.68991e-11 1.99611e-11 1.08031e-11 5.86173e-12 3.18175e-12  1.7239e-12 9.27926e-13 4.90669e-13 2.45463e-13 9.04996e-14
   0.818233    0.378309    0.194684    0.103923   0.0562395    0.030566   0.0166247  0.00904915  0.00493632  0.00269922    0.001481 0.000817239 0.000454708 0.000255654 0.000145381 8.36114e-05 4.85673e-05 2.84411e-05 1.67777e-05 9.95367e-06 5.92559e-06 3.53514e-06 2.10987e-06 1.25709e-06  7.4636e-07 4.40713e-07 2.58505e-07 1.50512e-07 8.69841e-08 4.99289e-08 2.84534e-08 1.61151e-08 9.07886e-09 5.08815e-09 2.83962e-09 1.57942e-09 8.75623e-10 4.84066e-10 2.67144e-10 1.47392e-10  8.1379e-11 4.49598e-11 2.48445e-11 1.37425e-11  7.6002e-12  4.1935e-12 2.29536e-12 1.22905e-12 6.15013e-13 2.13379e-13
   0.857269    0.397664    0.205696    0.110617   0.0604213   0.0331963   0.0182705   0.0100723  0.00557128  0.00309382  0.00172618 0.000969412 0.000548966 0.000313979 0.000181514 0.000106052 6.25613e-05 3.72064e-05 2.22869e-05  1.3427e-05 8.11745e-06 4.91776e-06 2.98038e-06 1.80323e-06 1.08679e-06  6.5127e-07 3.87513e-07  2.2875e-07 1.33976e-07 7.79143e-08 4.49728e-08 2.57796e-08 1.46996e-08 8.33488e-09 4.70315e-09 2.64515e-09 1.48355e-09 8.30296e-10 4.64119e-10 2.59491e-10 1.45318e-10 8.14923e-11 4.57241e-11 2.56182e-11 1.43244e-11 7.98478e-12  4.4126e-12 2.37659e-12 1.17779e-12 3.77342e-13
   0.897136    0.417615    0.217113    0.117614   0.0648343   0.0360047   0.0200488   0.0111915  0.00627349  0.00353489  0.00200332  0.00114352 0.000658283 0.000382579 0.000224587 0.000133124  7.9602e-05 4.79528e-05 2.90727e-05 1.77113e-05 1.08214e-05 6.62182e-06 4.05108e-06 2.47321e-06 1.50341e-06  9.0801e-07 5.44268e-07 3.23378e-07  1.9047e-07 1.11316e-07 6.45166e-08 3.71354e-08  2.1261e-08 1.21021e-08 6.85957e-09 3.87778e-09 2.18694e-09 1.23251e-09  6.9468e-10 3.91686e-10 2.21192e-10 1.25116e-10 7.08333e-11 4.00389e-11 2.25661e-11 1.26722e-11 7.05193e-12 3.81669e-12 1.88437e-12 5.86955e-13
   0.937795    0.438176    0.228942    0.124919   0.0694822   0.0389943    0.021965   0.0124119  0.00704768  0.00402591   0.0023148  0.00134102 0.000783544 0.000462046 0.000275019 0.000165137 9.99297e-05 6.08628e-05 3.72678e-05 2.29095e-05 1.41186e-05 8.70977e-06 5.36763e-06 3.29889e-06 2.01721e-06 1.22462e-06 7.37414e-07 4.39691e-07 2.59632e-07  1.5193e-07  8.8054e-08 5.06568e-08 2.89877e-08 1.64935e-08 9.35318e-09 5.29449e-09 2.99275e-09 1.69317e-09 9.58871e-10 5.42939e-10 3.07679e-10 1.74599e-10 9.90938e-11 5.61699e-11 3.17658e-11 1.78969e-11  9.9915e-12 5.42037e-12 2.66839e-12 8.14461e-13
   0.979207    0.459344    0.241185    0.132529   0.0743643   0.0421649   0.0240192   0.0137345  0.00789494  0.00456772  0.00266104  0.00156198 0.000924422 0.000551774 0.000332084 0.000201367  0.00012291 7.54269e-05 4.64889e-05 2.87365e-05 1.77845e-05  1.1003e-05 6.78681e-06 4.16615e-06 2.53992e-06 1.53494e-06 9.19284e-07 5.45141e-07 3.20045e-07 1.86277e-07 1.07436e-07 6.14833e-08 3.50347e-08 1.98723e-08 1.12468e-08  6.3581e-09 3.59181e-09 2.03172e-09 1.15057e-09 6.51095e-10 3.67923e-10 2.07706e-10 1.17141e-10 6.59113e-11 3.69288e-11 2.05793e-11 1.13491e-11 6.07177e-12 2.93936e-12 8.73899e-13
    1.02131    0.481113    0.253839     0.14044   0.0794742   0.0455115   0.0262061   0.0151548  0.00881187  0.00515765  0.00303977  0.00180452  0.00107925 0.000650241 0.000394471 0.000240773 0.000147724 9.09967e-05 5.62222e-05 3.47813e-05 2.14933e-05 1.32467e-05 8.12044e-06 4.94355e-06 2.98569e-06 1.78634e-06 1.05903e-06 6.22275e-07 3.62252e-07 2.09281e-07  1.2001e-07  6.8375e-08 3.88296e-08 2.19819e-08 1.24334e-08 7.02839e-09 3.96655e-09 2.23658e-09 1.26066e-09 7.09824e-10 3.98846e-10 2.23544e-10  1.2505e-10  6.9644e-11 3.84982e-11 2.11084e-11 1.14241e-11 5.98872e-12 2.83879e-12 8.22651e-13
    1.06405    0.503472    0.266894     0.14864   0.0847988   0.0490222   0.0285167   0.0166654  0.00979256  0.00579093  0.00344702  0.00206521  0.00124517 0.000755178 0.000460458 0.000282088  0.00017344 0.000106873 6.59328e-05 4.06366e-05 2.49526e-05 1.52442e-05 9.24757e-06 5.56356e-06 3.31999e-06 1.96385e-06 1.15176e-06 6.70517e-07 3.87296e-07 2.22251e-07 1.26797e-07 7.20168e-08 4.07966e-08 2.30458e-08 1.30034e-08 7.33184e-09 4.12426e-09 2.31261e-09 1.29342e-09 7.21823e-10 4.01538e-10 2.22407e-10 1.22759e-10 6.73322e-11 3.65689e-11 1.96595e-11  1.0413e-11 5.33575e-12 2.47265e-12 6.99368e-13
    1.10735    0.526395    0.280327    0.157108   0.0903198   0.0526804   0.0309372   0.0182558   0.0108278  0.00646017  0.00387674  0.00233896  0.00141814 0.000863599 0.000527891 0.000323751  0.00019891 0.000122201 7.49964e-05 4.58699e-05 2.78922e-05 1.68436e-05 1.00933e-05 5.99738e-06 3.53626e-06 2.06977e-06 1.20232e-06 6.94199e-07 3.98331e-07 2.27341e-07 1.29127e-07 7.31086e-08 4.12969e-08  2.3253e-08 1.30529e-08 7.31029e-09 4.08396e-09 2.27378e-09 1.26144e-09 6.96965e-10 3.82486e-10 2.08267e-10 1.12645e-10 6.04801e-11 3.21595e-11 1.69167e-11 8.76273e-12  4.3913e-12 1.99221e-12 5.52389e-13
    1.15111    0.549842    0.294112    0.165819   0.0960129   0.0564643   0.0334487    0.019911   0.0119053  0.00715525   0.0043207  0.00261949   0.0015935 0.000972149 0.000594393  0.00036401 0.000222846 0.000136091 8.28341e-05 5.01456e-05 3.01439e-05 1.79791e-05  1.0643e-05 6.25233e-06 3.64777e-06 2.11564e-06 1.21928e-06 6.99095e-07 3.98799e-07 2.26435e-07    1.28e-07 7.21352e-08 4.05463e-08 2.27105e-08 1.26627e-08 7.03127e-09  3.8904e-09 2.14267e-09 1.17391e-09  6.3934e-10 3.45174e-10 1.84556e-10 9.78254e-11 5.13458e-11 2.66444e-11 1.36536e-11 6.88384e-12 3.36136e-12 1.48704e-12 3.99397e-13
    1.19524    0.573766    0.308217    0.174741    0.101848   0.0603479   0.0360281   0.0216113   0.0130099  0.00786347  0.00476908  0.00289963  0.00176633  0.00107742 0.000657523 0.000401095 0.000244036 0.000147803 8.90556e-05 5.32991e-05 3.16656e-05  1.8667e-05 1.09287e-05 6.35689e-06  3.6757e-06 2.11521e-06 1.21079e-06 6.89885e-07 3.91293e-07 2.20928e-07 1.24169e-07 6.95028e-08 3.87614e-08 2.15372e-08 1.19107e-08 6.55246e-09 3.58303e-09 1.94348e-09 1.04551e-09  5.5826e-10 2.95515e-10 1.54879e-10 8.03986e-11 4.12512e-11 2.08899e-11 1.04268e-11 5.11093e-12  2.4256e-12 1.04244e-12 2.69483e-13
    1.23965    0.598113    0.322604    0.183836     0.10779   0.0642989   0.0386485   0.0233334   0.0141236  0.00857099   0.0052117  0.00317238  0.00193186  0.00117608 0.000714955 0.000433481 0.000261598  0.00015692  9.3525e-05 5.53421e-05 3.25204e-05 1.89728e-05 1.10018e-05 6.34504e-06 3.64073e-06 2.08038e-06 1.18311e-06 6.69709e-07 3.77411e-07 2.11692e-07 1.18145e-07 6.55752e-08 3.62078e-08 1.99021e-08 1.08823e-08 5.91343e-09 3.18801e-09 1.70005e-09 8.96536e-10 4.68241e-10 2.42266e-10 1.24076e-10 6.28978e-11 3.15189e-11 1.55856e-11 7.58947e-12 3.62254e-12 1.67106e-12 6.96968e-13 1.73318e-13
    1.28424    0.622804     0.33722    0.193062      0.1138   0.0682799   0.0412794   0.0250532   0.0152269  0.00926366  0.00563887  0.00343134  0.00208575  0.00126517 0.000764812 0.000460161  0.00027513 0.000163377 9.63371e-05 5.64103e-05 3.28251e-05 1.89776e-05 1.09134e-05 6.24674e-06 3.55887e-06 2.01946e-06 1.14064e-06 6.40986e-07 3.58454e-07 1.99408e-07  1.1031e-07 6.06226e-08 3.30844e-08 1.79413e-08 9.66133e-09 5.16439e-09 2.73713e-09 1.43361e-09 7.41085e-10 3.78428e-10 1.91089e-10 9.54474e-11 4.71486e-11 2.30396e-11 1.11172e-11 5.28321e-12 2.45891e-12 1.10409e-12 4.47808e-13 1.08123e-13
     1.3289    0.647768    0.352006    0.202369    0.119836   0.0722535   0.0438867   0.0267474   0.0163005  0.00992814  0.00604197  0.00367079   0.0022242   0.0013424 0.000805952 0.000480763 0.000284693 0.000167397 9.77328e-05 5.66911e-05 3.27042e-05 1.87566e-05 1.07052e-05 6.08393e-06 3.44146e-06 1.93839e-06 1.08661e-06 6.05621e-07 3.35584e-07 1.84794e-07 1.01108e-07 5.48986e-08 2.95487e-08 1.57735e-08 8.34695e-09 4.37929e-09 2.27643e-09 1.16871e-09 5.91449e-10 2.95132e-10 1.45428e-10 7.08291e-11 3.40777e-11 1.62118e-11 7.61828e-12 3.52648e-12 1.59879e-12  6.9876e-13 2.75504e-13 6.42692e-14
    1.37355    0.672924    0.366898    0.211707    0.125855    0.076182   0.0464361   0.0283888   0.0173285   0.0105534  0.00641375  0.00388597  0.00234438  0.00140643 0.000838036 0.000495508 0.000290695 0.000169362 9.80004e-05 5.63693e-05 3.22642e-05 1.83677e-05 1.04067e-05 5.87113e-06 3.29619e-06 1.84158e-06 1.02353e-06 5.65091e-07 3.09785e-07 1.68542e-07 9.10152e-08 4.87238e-08 2.58157e-08 1.35422e-08 7.03194e-09 3.61583e-09 1.84009e-09 9.24237e-10 4.57238e-10 2.22812e-10 1.07132e-10 5.08736e-11 2.38374e-11 1.10277e-11 5.03706e-12 2.26589e-12 9.98547e-13 4.24149e-13  1.6239e-13 3.66439e-14
    1.41809     0.69818    0.381824     0.22103    0.131804   0.0800298   0.0488961   0.0299498   0.0182975   0.0111316  0.00674876  0.00407349  0.00244463  0.00145689 0.000861419 0.000505017  0.00029372 0.000169696 9.74047e-05 5.55976e-05  3.1586e-05 1.78509e-05 1.00378e-05 5.61842e-06 3.12833e-06 1.73208e-06 9.53323e-07 5.20662e-07 2.81963e-07 1.51325e-07 8.05076e-08 4.24171e-08 2.20896e-08 1.13705e-08 5.78547e-09 2.91173e-09 1.44886e-09  7.1118e-10 3.43628e-10 1.63407e-10 7.66171e-11  3.5453e-11 1.61725e-11 7.27247e-12 3.22469e-12 1.40714e-12 6.01478e-13 2.47825e-13 9.20529e-14 2.01636e-14
    1.46242    0.723449    0.396714    0.230295    0.137638    0.083767   0.0512412     0.03141   0.0191944    0.011658  0.00704377  0.00423152  0.00252455  0.00149424 0.000876889 0.000510057 0.000294346 0.000168768  9.6155e-05 5.44865e-05 3.07261e-05 1.72341e-05 9.61327e-06 5.33406e-06 2.94282e-06 1.61328e-06 8.78229e-07 4.73786e-07 2.53093e-07 1.33807e-07  7.0021e-08 3.62495e-08 1.85307e-08 9.34869e-09 4.65498e-09 2.29012e-09 1.11318e-09 5.33645e-10  2.5171e-10 1.16744e-10 5.33328e-11 2.40225e-11 1.06581e-11  4.6551e-12 2.00139e-12 8.45693e-13  3.4972e-13 1.39262e-13 4.98451e-14 1.03088e-14
    1.50639    0.748668    0.411506    0.239473    0.143335   0.0873771   0.0534567   0.0327572   0.0200061   0.0121284  0.00729842  0.00436039  0.00258497  0.00151958 0.000885426  0.00051135 0.000293033 0.000166845 9.43943e-05 5.31075e-05 2.97219e-05 1.65383e-05 9.14513e-06 5.02563e-06 2.74451e-06  1.4882e-06 8.00326e-07 4.25969e-07 2.24208e-07 1.16631e-07 5.99439e-08  3.0442e-08  1.5256e-08 7.53569e-09 3.66849e-09 1.76234e-09 8.36051e-10 3.91166e-10 1.80023e-10 8.13882e-11 3.61879e-11 1.58424e-11 6.82469e-12 2.89088e-12 1.20311e-12 4.91294e-13 1.95985e-13 7.50886e-14 2.56763e-14 4.88886e-15
    1.54994    0.773722    0.426141     0.24848    0.148878   0.0908358   0.0555435    0.033989   0.0207265   0.0125368  0.00751315   0.0044624   0.0026281  0.00153452 0.000888102 0.000509515 0.000290105 0.000164091  9.2205e-05 5.15003e-05 2.85954e-05 1.57774e-05 8.64295e-06 4.70005e-06 2.53743e-06 1.35882e-06 7.20976e-07  3.7826e-07 1.96025e-07 1.00252e-07 5.05642e-08 2.51552e-08 1.23415e-08 5.96344e-09 2.83744e-09 1.33042e-09  6.1538e-10 2.80649e-10 1.25873e-10 5.54075e-11 2.39417e-11 1.01668e-11 4.24264e-12 1.73896e-12 6.98968e-13 2.75156e-13 1.05625e-13 3.88545e-14 1.26937e-14 2.27551e-15
    1.59296    0.798462    0.440485    0.257171    0.154265   0.0941078   0.0575068   0.0351163     0.02136   0.0128803  0.00768663  0.00453979  0.00265664  0.00154106 0.000886097 0.000505147 0.000285827 0.000160623 8.96387e-05 4.96893e-05 2.73604e-05 1.49604e-05 8.11398e-06 4.36334e-06 2.32627e-06 1.22862e-06 6.42361e-07 3.31831e-07 1.69149e-07 8.49909e-08 4.20524e-08 2.04817e-08 9.82763e-09 4.64185e-09 2.15836e-09 9.87725e-10 4.45052e-10  1.9747e-10 8.61324e-11 3.68534e-11  1.5454e-11 6.35341e-12 2.56144e-12 1.01291e-12 3.92199e-13  1.4847e-13 5.47174e-14 1.93019e-14 6.05368e-15 1.05779e-15
    1.63525    0.823032    0.454381    0.265527    0.159464   0.0972286   0.0593415    0.036152   0.0219207    0.013165  0.00781967  0.00459329  0.00267218  0.00154071 0.000880447 0.000498803 0.000280438 0.000156537 8.67357e-05 4.77001e-05 2.60337e-05 1.40985e-05 7.56646e-06 4.02171e-06   2.116e-06 1.10128e-06 5.66701e-07 2.87877e-07 1.44183e-07  7.1121e-08 3.45054e-08 1.64555e-08 7.72066e-09 3.56196e-09 1.61671e-09 7.21544e-10 3.16457e-10 1.36396e-10 5.77255e-11 2.39557e-11 9.73392e-12 3.86917e-12  1.5043e-12  5.7249e-13 2.13023e-13 7.73855e-14 2.73164e-14 9.20979e-15 2.76245e-15 4.62795e-16
    1.67698    0.847531    0.467967    0.273601    0.164349     0.10022   0.0610582   0.0370917   0.0224252   0.0134051  0.00792012  0.00462591  0.00267595  0.00153421   0.0008716 0.000490746 0.000274044 0.000151867 8.35091e-05 4.55528e-05 2.46345e-05 1.32056e-05 7.00947e-06 3.68074e-06 1.91028e-06 9.79181e-07 4.95542e-07 2.47316e-07 1.21594e-07 5.88351e-08 2.79732e-08 1.30609e-08 5.99187e-09 2.69881e-09 1.19391e-09 5.18721e-10  2.2121e-10 9.25485e-11 3.79509e-11 1.52398e-11 5.98717e-12 2.29816e-12 8.61192e-13 3.14843e-13 1.12269e-13  3.8996e-14 1.31421e-14 4.22428e-15 1.20341e-15 1.86079e-16
    1.71827    0.871473    0.481328    0.281268    0.168901    0.102939   0.0626856   0.0379576   0.0228745   0.0136108  0.00799879  0.00464464  0.00267117  0.00152283 0.000860067 0.000481254 0.000266875 0.000146758  8.0032e-05 4.32731e-05 2.31755e-05   1.229e-05 6.44745e-06 3.34276e-06 1.71082e-06 8.63564e-07 4.29671e-07 2.10573e-07 1.01559e-07 4.81653e-08 2.24268e-08 1.02473e-08 4.59452e-09 2.01944e-09 8.70115e-10 3.67527e-10 1.52149e-10  6.1709e-11 2.44943e-11 9.50381e-12 3.60007e-12    1.33e-12 4.78854e-13 1.68019e-13 5.73796e-14 1.90395e-14 6.11241e-15 1.86743e-15 5.04213e-16 7.28511e-17
    1.75905    0.894306    0.494352     0.28861    0.173083    0.105439   0.0641489    0.038782   0.0232849   0.0137891  0.00806094  0.00465421  0.00266108  0.00150836 0.000846865 0.000470893 0.000259296 0.000141453 7.64585e-05 4.09433e-05 2.16975e-05 1.13739e-05 5.89238e-06 3.01375e-06 1.52024e-06 7.55495e-07 3.69565e-07 1.77838e-07 8.41111e-08 3.90729e-08 1.78025e-08  7.9532e-09 3.48227e-09 1.49267e-09 6.26143e-10  2.5696e-10 1.03132e-10 4.04694e-11 1.55148e-11 5.80624e-12 2.11814e-12 7.51972e-13 2.59422e-13 8.70506e-14 2.83932e-14 8.98474e-15 2.74843e-15 7.98619e-16 2.03747e-16 2.68201e-17
    1.79926    0.917052    0.506899     0.29575    0.177034    0.107734     0.06547   0.0395143   0.0236481   0.0139415  0.00811161  0.00465897  0.00264854  0.00149253 0.000832847 0.000460064 0.000251465 0.000136033 7.28477e-05 3.86136e-05 2.02373e-05 1.04816e-05 5.35974e-06  2.7029e-06 1.34291e-06 6.56634e-07 3.15707e-07 1.49161e-07 6.91823e-08 3.14755e-08 1.40287e-08 6.12195e-09 2.61462e-09 1.09176e-09 4.45425e-10  1.7744e-10 6.89846e-11  2.6163e-11 9.67254e-12 3.48473e-12 1.22245e-12 4.16752e-13 1.37824e-13 4.41849e-14 1.37303e-14 4.12689e-15 1.19739e-15 3.30243e-16 7.99016e-17  9.9868e-18
    1.83861    0.940386    0.518842     0.30245    0.180916    0.109857   0.0666807   0.0401315   0.0239452   0.0140691  0.00814851  0.00465748  0.00263336  0.00147538  0.00081792 0.000448519 0.000243288 0.000130517 6.92627e-05 3.63321e-05 1.88257e-05 9.63059e-06 4.85924e-06  2.4156e-06 1.18178e-06 5.68363e-07 2.68481e-07 1.24492e-07 5.66081e-08  2.5221e-08 1.09945e-08 4.68502e-09 1.95056e-09 7.92639e-10 3.14154e-10 1.21338e-10 4.56482e-11 1.67162e-11 5.95301e-12 2.06148e-12 6.93987e-13 2.26639e-13 7.16622e-14 2.19438e-14 6.50199e-15  1.8599e-15 5.12209e-16 1.33738e-16 3.06179e-17 3.62314e-18
    1.87664    0.961856    0.530637    0.308723    0.184516    0.111979   0.0677879    0.040668    0.024208   0.0141757  0.00816963  0.00464516  0.00261199    0.001455 0.000801638 0.000436432 0.000234956 0.000125005 6.57407e-05 3.41267e-05 1.74788e-05 8.82948e-06 4.39492e-06 2.15311e-06 1.03708e-06 4.90574e-07 2.27681e-07 1.03608e-07 4.61772e-08 2.01391e-08 8.58277e-09 3.57041e-09  1.4486e-09 5.72597e-10 2.20315e-10 8.24336e-11 2.99808e-11 1.05931e-11 3.63209e-12 1.20848e-12 3.90211e-13 1.22004e-13 3.68532e-14 1.07649e-14 3.03887e-15 8.26961e-16 2.16197e-16 5.34425e-17 1.15654e-17 1.27984e-18
    1.91261    0.982389    0.542422    0.314953    0.187872    0.113784   0.0688243   0.0411492   0.0244358   0.0142684  0.00818288  0.00462796  0.00258735  0.00143263 0.000784556  0.00042432 0.000226773 0.000119629 6.23033e-05 3.19908e-05  1.6188e-05 8.07181e-06 3.96246e-06 1.91274e-06 9.06924e-07 4.21879e-07 1.92355e-07 8.58979e-08 3.75192e-08 1.60127e-08 6.66856e-09 2.70709e-09 1.06994e-09 4.11244e-10 1.53578e-10 5.56581e-11 1.95642e-11 6.66763e-12 2.20068e-12 7.03399e-13 2.17804e-13 6.51963e-14 1.88216e-14 5.24279e-15 1.40849e-15 3.64116e-16 9.03315e-17 2.11705e-17 4.33389e-18 4.42555e-19
    1.94732      1.0037    0.553808    0.321085    0.191107    0.115372   0.0697374   0.0415819     0.02461    0.014337  0.00819193  0.00461081  0.00256312  0.00141056 0.000767449 0.000412116 0.000218509 0.000114253 5.89172e-05 2.99406e-05 1.49741e-05 7.37061e-06 3.56824e-06 1.69696e-06 7.91992e-07 3.62267e-07 1.62232e-07 7.10656e-08 3.04099e-08 1.26976e-08  5.1656e-09 2.04554e-09 7.87342e-10 2.94169e-10 1.06591e-10 3.74089e-11  1.2708e-11 4.17734e-12 1.32713e-12 4.07396e-13 1.20878e-13 3.45971e-14 9.53015e-15 2.53047e-15 6.47102e-16 1.59026e-16 3.74957e-17 8.36177e-18 1.63021e-18 1.57365e-19
    1.98167     1.02317    0.564942    0.327014    0.194248    0.117035   0.0705524   0.0419754   0.0247523   0.0143766  0.00819144  0.00459107  0.00253836  0.00138853 0.000750574  0.00040017 0.000210382  0.00010899 5.56281e-05 2.79823e-05 1.38395e-05  6.7274e-06  3.2125e-06  1.5053e-06 6.91524e-07 3.11017e-07 1.36785e-07  5.8763e-08 2.46275e-08 1.00577e-08 3.99543e-09  1.5427e-09 5.78066e-10 2.09903e-10 7.37989e-11 2.50844e-11 8.23599e-12 2.61135e-12 7.98585e-13  2.3551e-13 6.70079e-14 1.83548e-14 4.82921e-15 1.22341e-15 2.98234e-16 6.98171e-17 1.56829e-17 3.33849e-18 6.24235e-19 5.82471e-20
     2.0151     1.04126    0.575954    0.332879     0.19732    0.118585   0.0713258   0.0423267   0.0248796    0.014403  0.00818225  0.00456677   0.0025118  0.00136593  0.00073369 0.000388428 0.000202604 0.000104032  5.2564e-05 2.61527e-05 1.27859e-05 6.13772e-06 2.89127e-06 1.33503e-06 6.03731e-07 2.66997e-07 1.15324e-07 4.85858e-08   1.994e-08 7.96324e-09 3.08817e-09 1.16234e-09  4.2387e-10 1.49536e-10  5.1005e-11 1.67892e-11 5.32795e-12 1.62953e-12 4.79689e-13 1.35948e-13 3.71351e-14 9.75337e-15 2.45723e-15  5.9525e-16   1.387e-16 3.10496e-17 6.68067e-18 1.36873e-18 2.49283e-19 2.35138e-20
     2.0477     1.05917    0.586105    0.338506    0.200306    0.120107   0.0721188   0.0426713   0.0249977   0.0144225  0.00816291  0.00453757  0.00248352  0.00134285 0.000716678 0.000376602 0.000194931 9.92855e-05 4.97168e-05 2.44684e-05 1.18247e-05 5.60578e-06 2.60531e-06 1.18566e-06 5.27886e-07  2.2958e-07 9.73954e-08 4.02412e-08 1.61732e-08 6.31626e-09 2.39132e-09 8.77416e-10 3.11399e-10 1.06728e-10 3.53103e-11 1.12534e-11 3.45148e-12 1.01848e-12 2.88676e-13 7.86308e-14 2.06197e-14 5.19377e-15 1.25386e-15 2.90993e-16 6.50064e-17 1.39882e-17 2.91007e-18 5.83642e-19 1.06844e-19 1.09918e-20
    2.07933     1.07575    0.595174    0.343696    0.203296     0.12165   0.0729581   0.0430565   0.0251224   0.0144479  0.00814324  0.00450717  0.00245428  0.00131919 0.000699571 0.000365047 0.000187429 9.46949e-05  4.7024e-05 2.29077e-05 1.09466e-05 5.12638e-06  2.3512e-06 1.05489e-06 4.62522e-07 1.97869e-07 8.24646e-08 3.34206e-08 1.31554e-08  5.0249e-09  1.8577e-09 6.64728e-10 2.29696e-10 7.65195e-11 2.45678e-11 7.58454e-12  2.2494e-12 6.40769e-13 1.74993e-13 4.58404e-14 1.15433e-14 2.78915e-15  6.4565e-16 1.43913e-16 3.09702e-17 6.46184e-18 1.32109e-18 2.66875e-19 5.13783e-20 6.14471e-21
    2.11037     1.09141    0.603922    0.348581     0.20623    0.123108   0.0737999   0.0434744   0.0252828   0.0144888  0.00813464  0.00448193  0.00242724  0.00129654 0.000682956  0.00035393  0.00018029 9.03162e-05 4.44531e-05 2.14417e-05 1.01344e-05 4.68986e-06 2.12347e-06 9.39582e-07 4.05844e-07 1.70853e-07 6.99942e-08 2.78458e-08  1.0743e-08 4.01549e-09 1.45043e-09 5.06387e-10 1.70452e-10 5.52244e-11 1.72204e-11 5.15476e-12 1.47982e-12 4.07334e-13 1.07293e-13 2.70672e-14 6.55896e-15 1.52458e-15 3.39765e-16 7.31493e-17 1.53054e-17 3.14544e-18 6.48494e-19 1.37064e-19 2.90178e-20 4.14582e-21
    2.14118     1.10742    0.612601    0.353402     0.20902    0.124568   0.0745925    0.043884   0.0254623   0.0145426  0.00813633  0.00446307  0.00240463  0.00127661 0.000667753 0.000343458 0.000173592 8.62071e-05 4.20335e-05 2.00758e-05 9.38686e-06 4.29348e-06 1.91969e-06 8.38023e-07 3.56693e-07 1.47798e-07 5.95465e-08  2.3274e-08 8.81037e-09 3.22613e-09 1.13984e-09 3.88642e-10 1.27555e-10 4.02336e-11 1.21973e-11 3.54445e-12 9.86464e-13 2.62867e-13 6.69241e-14 1.62998e-14 3.81259e-15 8.56174e-16 1.84847e-16 3.87871e-17 8.00615e-18 1.65952e-18 3.57015e-19 8.18776e-20 1.94356e-20 3.22416e-21
    2.17151     1.12411    0.621392    0.358141     0.21172    0.126028   0.0753309   0.0442587    0.025625   0.0145918  0.00813561  0.00444421  0.00238293  0.00125751 0.000653194 0.000333512  0.00016721   8.231e-05 3.97535e-05 1.88039e-05 8.69977e-06 3.93378e-06 1.73716e-06 7.48337e-07 3.13968e-07 1.28088e-07 5.07576e-08 1.94957e-08 7.24549e-09 2.60155e-09 9.00201e-10 3.00155e-10  9.6211e-11 2.95987e-11 8.73811e-12 2.46925e-12 6.67653e-13 1.72723e-13 4.26585e-14 1.00731e-14 2.28451e-15 4.98516e-16 1.05159e-16 2.17941e-17 4.52963e-18 9.74891e-19 2.25612e-19 5.68866e-20 1.48694e-20 2.70502e-21
    2.20122     1.14089    0.630394    0.362877    0.214449    0.127461   0.0760244   0.0445882   0.0257524     0.01462  0.00812269  0.00441894  0.00235795  0.00123688 0.000638012 0.000323446 0.000160853 7.84817e-05 3.75436e-05 1.75841e-05 8.04975e-06 3.59857e-06 1.56949e-06 6.67127e-07 2.75932e-07 1.10869e-07 4.32193e-08 1.63145e-08 5.95302e-09 2.09645e-09 7.10861e-10 2.31998e-10  7.2708e-11 2.18458e-11 6.28998e-12 1.73166e-12 4.55892e-13 1.14814e-13 2.76094e-14 6.35085e-15 1.40494e-15 3.00379e-16  6.2663e-17 1.30553e-17  2.7941e-18 6.38103e-19  1.6021e-19 4.38643e-20 1.22766e-20 2.38237e-21
    2.22957     1.15673    0.639039    0.367484    0.217107    0.128875   0.0766903   0.0448891   0.0258576   0.0146353  0.00810291  0.00438944  0.00233074  0.00121554 0.000622733 0.000313354 0.000154576 7.47554e-05 3.54208e-05 1.64211e-05 7.43577e-06 3.28562e-06 1.41505e-06 5.93349e-07 2.41868e-07 9.56858e-08 3.66875e-08 1.36078e-08 4.87371e-09 1.68293e-09 5.59029e-10 1.78538e-10 5.46955e-11 1.60467e-11 4.50725e-12 1.20973e-12 3.10372e-13 7.61748e-14 1.78663e-14 4.01565e-15  8.7118e-16 1.84103e-16  3.8505e-17 8.21126e-18 1.84133e-18 4.48818e-19 1.20991e-19 3.53552e-20 1.04193e-20 2.13367e-21
    2.25655     1.17147    0.647012    0.371755    0.219471    0.130213   0.0773456   0.0451867   0.0259636   0.0146533  0.00808618  0.00436223  0.00230503  0.00119552 0.000608621 0.000304039 0.000148788 7.13334e-05 3.34829e-05 1.53657e-05 6.88184e-06 3.00521e-06 1.27801e-06 5.28643e-07 2.12363e-07  8.2706e-08 3.11823e-08 1.13607e-08 3.99214e-09   1.351e-09 4.39345e-10 1.37241e-10   4.108e-11 1.17618e-11 3.22036e-12 8.41942e-13 2.10404e-13 5.03359e-14 1.15268e-14 2.53795e-15 5.42876e-16 1.14511e-16 2.43844e-17 5.42501e-18 1.29687e-18 3.39541e-19 9.74357e-20 2.98586e-20 9.11802e-21  1.9443e-21
    2.28302     1.18517    0.654571    0.375819     0.22163    0.131417   0.0779974   0.0454938    0.026077   0.0146768  0.00807424  0.00433935  0.00228264  0.00117772 0.000595922 0.000295646 0.000143586 6.82649e-05 3.17525e-05 1.44295e-05   6.394e-06 2.76011e-06  1.1594e-06 4.73275e-07 1.87451e-07 7.19085e-08 2.66725e-08 9.54929e-09 3.29367e-09 1.09277e-09 3.47985e-10 1.06333e-10 3.11087e-11 8.69845e-12 2.32402e-12 5.92541e-13 1.44404e-13 3.37323e-14 7.56638e-15 1.64227e-15 3.50054e-16  7.4797e-17 1.65036e-17 3.89663e-18 1.00471e-18 2.83226e-19 8.58521e-20  2.7167e-20 8.47714e-21 1.86405e-21
    2.30932     1.19898    0.662021    0.379625    0.223765    0.132538   0.0785991   0.0458091   0.0261959   0.0147045  0.00806592  0.00431968  0.00226305  0.00116188 0.000584381 0.000287959 0.000138835 6.54792e-05 3.01919e-05 1.35913e-05 5.96117e-06 2.54471e-06 1.05617e-06 4.25628e-07 1.66278e-07 6.28579e-08 2.29519e-08  8.0802e-09 2.73728e-09 8.90942e-10 2.78022e-10 8.31403e-11 2.37794e-11 6.49593e-12 1.69541e-12 4.22329e-13 1.00602e-13 2.30079e-14  5.0755e-15 1.09344e-15 2.34865e-16 5.16152e-17 1.19789e-17 3.02506e-18 8.36037e-19 2.49404e-19 7.85126e-20 2.54097e-20 8.05733e-21  1.8095e-21
    2.33537     1.21387    0.669512    0.383311     0.22588     0.13367   0.0791584   0.0461027   0.0263094   0.0147348  0.00806214  0.00430328  0.00224588  0.00114783 0.000574104 0.000281083 0.000134576 6.29833e-05  2.8797e-05 1.28454e-05 5.57863e-06 2.35601e-06 9.66517e-07 3.84618e-07 1.48247e-07 5.52431e-08 1.98657e-08 6.88098e-09  2.2911e-09 7.32149e-10 2.24072e-10 6.56344e-11 1.83707e-11 4.90725e-12 1.25202e-12 3.05025e-13  7.1198e-14  1.6016e-14 3.49818e-15 7.54541e-16 1.65125e-16 3.78218e-17 9.33303e-18 2.51812e-18 7.36215e-19 2.28269e-19 7.34446e-20  2.4036e-20 7.67332e-21 1.71918e-21
    2.36081     1.22866    0.676819    0.387109    0.227881    0.134799     0.07973    0.046379   0.0264156   0.0147626  0.00805829  0.00428751  0.00222937  0.00113493 0.000565066 0.000274994  0.00013079 6.07609e-05 2.75553e-05 1.21839e-05 5.24136e-06 2.19091e-06 8.88781e-07  3.4942e-07  1.3294e-07 4.88558e-08 1.73105e-08 5.90226e-09 1.93275e-09 6.06896e-10 1.82345e-10 5.23721e-11 1.43609e-11 3.75629e-12 9.38498e-13 2.24132e-13 5.14112e-14 1.14227e-14 2.48659e-15 5.42237e-16 1.22294e-16 2.94307e-17 7.71002e-18 2.19924e-18 6.70216e-19 2.13424e-19 6.96854e-20 2.29542e-20 7.34975e-21 1.64752e-21
    2.38656     1.24372    0.684048    0.390728    0.229791    0.135864   0.0802782   0.0466718   0.0265327   0.0147936  0.00805494  0.00427271  0.00221377  0.00112277 0.000556714 0.000269442 0.000127351  5.8752e-05 2.64389e-05  1.1592e-05 4.94131e-06   2.045e-06 8.20661e-07 3.18886e-07  1.1982e-07 4.34511e-08 1.51793e-08 5.09852e-09 1.64318e-09 5.07369e-10 1.49784e-10 4.22399e-11 1.13653e-11 2.91606e-12    7.15e-13 1.67882e-13 3.79904e-14 8.38082e-15 1.83215e-15 4.08005e-16 9.57552e-17 2.42981e-17   6.713e-18 1.99587e-18 6.24916e-19 2.02062e-19 6.65774e-20 2.20852e-20 7.11303e-21  1.6086e-21
     2.4133     1.25948    0.691479    0.394274    0.231543    0.136876    0.080794   0.0469586   0.0266537    0.014829  0.00805712  0.00426246  0.00220125  0.00111219  0.00054901 0.000264344 0.000124209 5.69265e-05 2.54305e-05 1.10608e-05 4.67386e-06 1.91586e-06 7.60845e-07 2.92317e-07 1.08526e-07 3.88546e-08 1.33914e-08 4.43426e-09 1.40764e-09 4.27762e-10 1.24194e-10 3.44275e-11 9.10328e-12 2.29563e-12 5.53703e-13 1.28224e-13 2.87544e-14 6.33733e-15 1.40186e-15 3.21174e-16 7.88273e-17 2.10704e-17 6.10028e-18 1.87025e-18 5.96046e-19  1.9447e-19 6.43881e-20 2.14395e-20 6.92466e-21 1.56837e-21
    2.44017     1.27455    0.699378    0.397841    0.233204    0.137798   0.0812507   0.0472337   0.0267757   0.0148689   0.0080636  0.00425539  0.00219079  0.00110291  0.00054214  0.00025977 0.000121389  5.5297e-05 2.45376e-05 1.05938e-05 4.44014e-06  1.8036e-06 7.09209e-07 2.69577e-07 9.89371e-08 3.49872e-08 1.19026e-08  3.8876e-09 1.21642e-09 3.64102e-10 1.04056e-10 2.83803e-11 7.38328e-12 1.83292e-12 4.35916e-13 9.98803e-14 2.22968e-14 4.93978e-15 1.11373e-15 2.63966e-16 6.76742e-17 1.88821e-17 5.65256e-18 1.77355e-18 5.73297e-19 1.88706e-19 6.27787e-20 2.09408e-20  6.7685e-21 1.53008e-21
     2.4666     1.28881    0.707641    0.401234    0.234905    0.138564   0.0816417   0.0474789   0.0268904   0.0149067  0.00807247  0.00425185  0.00218256    0.001095 0.000536091 0.000255691 0.000118866 5.38437e-05 2.37465e-05 1.01825e-05  4.2355e-06 1.70578e-06 6.64491e-07 2.50037e-07 9.07696e-08 3.17252e-08 1.06595e-08 3.43622e-09 1.06055e-09 3.12962e-10 8.81304e-11   2.368e-11 6.07015e-12 1.48618e-12 3.49344e-13 7.94559e-14 1.77348e-14 3.97191e-15 9.17954e-16 2.25657e-16  6.0183e-17 1.73613e-17 5.31486e-18 1.69414e-18  5.5327e-19 1.83392e-19 6.12481e-20 2.04431e-20 6.59966e-21 1.47848e-21
    2.49262      1.3032    0.715809    0.405044    0.236632    0.139298    0.082001   0.0476579   0.0269878   0.0149385  0.00808176  0.00425099  0.00217651  0.00108844 0.000530847 0.000252081 0.000116618 5.25415e-05 2.30354e-05 9.81235e-06 4.05249e-06 1.61944e-06 6.25457e-07 2.33157e-07 8.37891e-08 2.89689e-08 9.62068e-09 3.06322e-09 9.33285e-10  2.7174e-10 7.54715e-11 2.00034e-11 5.06066e-12 1.22444e-12 2.85211e-13 6.46078e-14 1.44802e-14 3.29386e-15 7.82971e-16 1.99579e-16 5.51301e-17 1.63383e-17 5.08622e-18 1.63569e-18 5.36597e-19 1.78217e-19 5.95659e-20 1.98795e-20  6.4059e-21 1.42159e-21
    2.51733     1.31702    0.723837    0.409518    0.238478    0.140151   0.0823256   0.0478001   0.0270674   0.0149675  0.00808939  0.00424913   0.0021708  0.00108225  0.00052591 0.000248909 0.000114617 5.13762e-05 2.23989e-05 9.48145e-06 3.88973e-06 1.54352e-06 5.91506e-07 2.18625e-07 7.78386e-08 2.66427e-08 8.75334e-09  2.7554e-09 8.29531e-10 2.38554e-10 6.54183e-11  1.7125e-11 4.28234e-12  1.0259e-12 2.37381e-13 5.37217e-14 1.21358e-14 2.81389e-15 6.88791e-16 1.81551e-16 5.16396e-17 1.56226e-17 4.92251e-18 1.59167e-18 5.23298e-19 1.73854e-19 5.80859e-20 1.93743e-20 6.23171e-21 1.37292e-21
    2.54099     1.33029    0.731996    0.414253    0.240459    0.141151   0.0826617   0.0479541   0.0271261   0.0149846   0.0080912  0.00424507   0.0021651  0.00107673 0.000521596 0.000246262 0.000112922 5.03723e-05 2.18469e-05 9.19543e-06 3.74913e-06  1.4778e-06 5.62187e-07 2.06134e-07 7.27574e-08 2.46719e-08 8.02547e-09 2.49988e-09 7.44413e-10 2.11667e-10 5.73825e-11 1.48569e-11 3.67825e-12 8.74306e-13 2.01503e-13  4.5704e-14  1.0439e-14 2.47123e-15 6.21952e-16 1.68636e-16 4.90508e-17 1.50524e-17 4.77899e-18 1.55212e-18 5.11416e-19 1.70052e-19 5.67729e-20 1.88917e-20 6.05439e-21 1.31825e-21
    2.56494     1.34334    0.740108    0.418922    0.242662    0.142314   0.0830665   0.0481035   0.0271795   0.0149911  0.00808617    0.004238  0.00215897  0.00107223 0.000518391 0.000244096 0.000111511 4.95199e-05 2.13723e-05 8.94813e-06 3.62724e-06 1.42074e-06 5.36817e-07 1.95393e-07 6.84212e-08 2.30042e-08 7.41559e-09 2.28807e-09 6.74637e-10 1.89879e-10 5.09512e-11 1.30658e-11 3.20797e-12 7.58133e-13 1.74493e-13 3.97799e-14 9.20654e-15 2.22538e-15 5.74201e-16 1.59306e-16 4.71109e-17 1.45956e-17 4.65397e-18 1.51551e-18 4.99915e-19 1.66251e-19 5.54427e-20 1.84032e-20  5.8764e-21 1.26688e-21
    2.58756     1.35551    0.747183    0.423412    0.244918    0.143608    0.083627   0.0482751   0.0272451   0.0149969    0.008076  0.00422729  0.00215121  0.00106747 0.000515443 0.000242113 0.000110322 4.88149e-05 2.09764e-05  8.7391e-06  3.5233e-06 1.37181e-06 5.15052e-07  1.8621e-07 6.47389e-08 2.15997e-08 6.90702e-09 2.11334e-09 6.17704e-10 1.72291e-10 4.58181e-11 1.16547e-11 2.84266e-12 6.69262e-13 1.54179e-13 3.54057e-14 8.31391e-15 2.05064e-15 5.40845e-16 1.52895e-16 4.57996e-17   1.429e-17 4.56965e-18 1.48689e-18  4.8949e-19 1.62325e-19  5.4027e-20 1.79244e-20 5.71796e-21 1.22927e-21
    2.60728      1.3675    0.753172    0.427672    0.247101    0.144885   0.0843467   0.0485499   0.0273531   0.0150197  0.00806741  0.00421526  0.00214216  0.00106166 0.000511898 0.000239963 0.000109204 4.82064e-05 2.06453e-05 8.56516e-06 3.43662e-06 1.33071e-06 4.96635e-07 1.78404e-07 6.16135e-08 2.04137e-08  6.4812e-09  1.9686e-09 5.71093e-10 1.58064e-10  4.1717e-11 1.05426e-11 2.55904e-12 6.01329e-13 1.38898e-13 3.21725e-14 7.66762e-15  1.9274e-15 5.18102e-16 1.48688e-16 4.49607e-17  1.4096e-17 4.51526e-18 1.46592e-18 4.80884e-19 1.58793e-19 5.27171e-20 1.74968e-20 5.58471e-21 1.20135e-21
    2.62501     1.37924    0.758859    0.431499     0.24937    0.146067   0.0851202   0.0488928   0.0275356     0.01508  0.00807244  0.00420819  0.00213441  0.00105558 0.000507938 0.000237652 0.000108012 4.75961e-05 2.03357e-05 8.41003e-06 3.36205e-06 1.29638e-06 4.81333e-07 1.71895e-07 5.90026e-08  1.9424e-08 6.12714e-09 1.84901e-09 5.32913e-10  1.4653e-10 3.84304e-11 9.66366e-12 2.33809e-12 5.49229e-13 1.27381e-13 2.97806e-14 7.19964e-15 1.84055e-15 5.02667e-16 1.45921e-16 4.43883e-17 1.39507e-17 4.47042e-18 1.45023e-18 4.74786e-19 1.56357e-19 5.18111e-20 1.71974e-20 5.49211e-21 1.18369e-21
    2.64093     1.38904    0.764384    0.434986    0.251512    0.147165   0.0858704   0.0492544   0.0277744   0.0151847  0.00810552  0.00421469  0.00213178  0.00105107 0.000504365  0.00023536 0.000106733 4.69325e-05 2.00085e-05 8.25406e-06 3.29128e-06 1.26605e-06 4.68405e-07 1.66528e-07 5.68737e-08 1.86232e-08 5.84138e-09 1.75269e-09 5.02309e-10 1.37347e-10  3.5835e-11  8.9754e-12 2.16677e-12 5.09324e-13 1.18701e-13 2.80049e-14 6.85557e-15  1.7764e-15 4.90836e-16  1.4367e-16 4.39168e-17 1.38355e-17 4.43766e-18 1.43958e-18 4.70858e-19 1.54818e-19 5.12397e-20 1.70087e-20 5.43386e-21  1.1726e-21
    2.65437      1.3963    0.769572    0.438036    0.253302    0.148142   0.0865375   0.0496478   0.0280165   0.0153123  0.00816669  0.00423848  0.00213754  0.00105089 0.000502963 0.000233825  0.00010566 4.63117e-05 1.96841e-05   8.098e-06 3.22042e-06 1.23597e-06 4.56044e-07 1.61608e-07  5.4996e-08 1.79409e-08 5.60438e-09 1.67456e-09 4.78021e-10 1.30229e-10 3.38745e-11 8.46093e-12 2.04031e-12   4.804e-13 1.12567e-13 2.67889e-14 6.62317e-15 1.73123e-15 4.81386e-16 1.41609e-16 4.34996e-17  1.3749e-17 4.41969e-18  1.4328e-18 4.67896e-19 1.53512e-19 5.07309e-20 1.68377e-20  5.3768e-21 1.15598e-21
    2.66462     1.40196    0.773719     0.44026    0.254713    0.148972   0.0870856   0.0500021   0.0282359   0.0154361  0.00823549  0.00427228   0.0021511  0.00105599 0.000504786  0.00023403 0.000105349 4.59904e-05 1.94663e-05 7.97322e-06 3.15732e-06  1.2069e-06 4.43815e-07 1.56756e-07 5.31854e-08 1.73012e-08 5.38938e-09 1.60606e-09 4.57397e-10 1.24374e-10 3.23207e-11 8.06829e-12  1.9474e-12 4.60218e-13 1.08613e-13 2.61048e-14 6.51518e-15 1.71415e-15 4.78549e-16 1.41146e-16 4.34679e-17 1.37589e-17 4.42592e-18 1.43235e-18 4.66537e-19   1.526e-19 5.03212e-20 1.66874e-20 5.31822e-21 1.13452e-21
     2.6699     1.40592    0.775952    0.441676    0.255628     0.14949   0.0874937   0.0502762   0.0284058   0.0155409  0.00829214  0.00430414  0.00216725  0.00106328  0.00050806 0.000235514 0.000105803  4.6065e-05 1.94377e-05 7.92999e-06 3.12679e-06 1.18984e-06 4.35667e-07 1.53212e-07  5.1739e-08 1.67546e-08 5.19725e-09 1.54291e-09  4.3818e-10  1.1896e-10 3.08901e-11 7.71723e-12 1.86693e-12 4.43229e-13 1.05316e-13 2.55283e-14 6.42798e-15 1.70416e-15 4.78558e-16 1.41623e-16 4.36555e-17  1.3818e-17 4.44336e-18 1.43935e-18  4.6913e-19 1.53531e-19 5.06357e-20  1.6779e-20 5.33912e-21 1.14156e-21
    2.67256     1.40644    0.775797    0.442242    0.255954    0.149694   0.0877018   0.0504558   0.0284988   0.0156049   0.0083266  0.00432542  0.00217981   0.0010692 0.000510882  0.00023688 0.000106348 4.62606e-05 1.95022e-05 7.95107e-06 3.13052e-06 1.18842e-06 4.33903e-07 1.52101e-07 5.11528e-08  1.6496e-08 5.09626e-09 1.50719e-09 4.26827e-10 1.15706e-10 3.00307e-11 7.49907e-12 1.81554e-12 4.30669e-13 1.01967e-13 2.46863e-14 6.23994e-15 1.66684e-15  4.7131e-16 1.40164e-16 4.33066e-17 1.37291e-17 4.42141e-18  1.4383e-18 4.70966e-19 1.54898e-19 5.12782e-20 1.70044e-20 5.40801e-21 1.16049e-21
    2.68357     1.40683     0.77297    0.441429    0.255587    0.149524   0.0876393   0.0504487    0.028495   0.0156118   0.0083339  0.00433234  0.00218451  0.00107159 0.000512141 0.000237267 0.000106567 4.63485e-05 1.95274e-05 7.96018e-06 3.13333e-06 1.18894e-06 4.34034e-07 1.52157e-07 5.11419e-08 1.64801e-08 5.08476e-09 1.50164e-09  4.2496e-10 1.15264e-10 2.99726e-11 7.49397e-12 1.81845e-12 4.31788e-13 1.02075e-13 2.47113e-14 6.26802e-15 1.68471e-15 4.79211e-16 1.43165e-16 4.43654e-17 1.40958e-17 4.54879e-18 1.48332e-18 4.86961e-19 1.60554e-19 5.29612e-20 1.73865e-20 5.47896e-21 1.16262e-21
    2.70606     1.41405    0.772522    0.440494    0.254701    0.148812   0.0871828   0.0501807   0.0283648   0.0155473  0.00830244  0.00431815   0.0021776  0.00106811 0.000510413 0.000236317   0.0001062 4.61876e-05  1.9445e-05 7.92061e-06 3.11566e-06 1.18167e-06 4.31461e-07 1.51372e-07 5.08835e-08 1.63946e-08  5.0573e-09 1.49334e-09  4.2278e-10 1.14847e-10 2.99536e-11 7.52187e-12 1.83513e-12 4.39128e-13 1.04789e-13 2.55825e-14 6.53079e-15 1.76348e-15 5.03492e-16 1.50793e-16 4.67952e-17 1.48798e-17  4.8049e-18 1.56711e-18 5.14433e-19 1.69555e-19 5.56804e-20 1.81173e-20 5.66744e-21 1.20689e-21
    2.73341     1.42826    0.778028    0.442059    0.254768    0.148462   0.0868172   0.0499216   0.0282173   0.0154608  0.00825233  0.00429046  0.00216266   0.0010601 0.000506217 0.000234244 0.000105194 4.57112e-05 1.92245e-05 7.82457e-06 3.07524e-06  1.1652e-06 4.25123e-07 1.49076e-07 5.00833e-08 1.61275e-08 4.97411e-09 1.46923e-09 4.16076e-10 1.13047e-10 2.95136e-11 7.42798e-12 1.81776e-12 4.36929e-13 1.04846e-13 2.57263e-14  6.5935e-15 1.78552e-15 5.10882e-16 1.53203e-16 4.75654e-17 1.51243e-17 4.88309e-18 1.59223e-18 5.22453e-19 1.72085e-19 5.65461e-20 1.84282e-20 5.76734e-21 1.22628e-21
    2.76254     1.44569    0.786865    0.446372    0.256748    0.149286   0.0871312   0.0500321   0.0282485    0.015465  0.00824762   0.0042844  0.00215792  0.00105687 0.000504193 0.000233105 0.000104585  4.5406e-05 1.90784e-05 7.75758e-06 3.04602e-06 1.15306e-06 4.20307e-07 1.47263e-07 4.94437e-08 1.59134e-08 4.90617e-09 1.44893e-09 4.10341e-10 1.11527e-10 2.91483e-11 7.34843e-12 1.80249e-12 4.34679e-13 1.04701e-13  2.5776e-14 6.62202e-15 1.79584e-15 5.14255e-16 1.54256e-16 4.78838e-17 1.52168e-17 4.90946e-18 1.59945e-18 5.24259e-19 1.72467e-19 5.66441e-20 1.84586e-20 5.76705e-21 1.21317e-21
    2.79228     1.46455    0.797213    0.452138    0.259964    0.151019   0.0880491   0.0505187   0.0285025   0.0155977  0.00831414  0.00431659  0.00217314  0.00106374 0.000507131 0.000234337 0.000105073 4.55919e-05 1.91448e-05 7.77905e-06 3.05238e-06 1.15472e-06 4.20634e-07 1.47292e-07 4.94309e-08 1.59032e-08 4.90148e-09 1.44738e-09 4.09943e-10 1.11467e-10 2.91634e-11 7.36496e-12 1.81056e-12 4.37911e-13 1.05825e-13  2.6121e-14 6.72174e-15 1.82424e-15 5.22455e-16 1.56676e-16 4.86103e-17 1.54361e-17 4.97619e-18 1.61964e-18 5.30269e-19 1.74224e-19  5.7183e-20 1.86276e-20 5.81164e-21 1.21702e-21
    2.82219     1.48417    0.808271    0.458558    0.263768    0.153237    0.089323   0.0512413   0.0288998   0.0158124  0.00842487  0.00437153  0.00219949  0.00107574 0.000512303 0.000236472 0.000105893 4.58904e-05  1.9245e-05  7.8096e-06 3.06064e-06 1.15657e-06 4.20878e-07 1.47244e-07 4.93801e-08 1.58767e-08  4.8908e-09 1.44374e-09 4.08867e-10 1.11205e-10  2.9117e-11 7.36397e-12 1.81377e-12 4.39774e-13  1.0657e-13  2.6366e-14 6.79498e-15  1.8455e-15 5.28678e-16 1.58525e-16  4.9166e-17 1.56042e-17 5.02749e-18 1.63519e-18 5.34897e-19  1.7558e-19 5.75962e-20 1.87542e-20 5.84308e-21 1.21806e-21
    2.85196     1.50426    0.819731    0.465296    0.267832    0.155662   0.0907446   0.0520541     0.02934   0.0160403  0.00853528  0.00442208  0.00222153  0.00108472 0.000515662 0.000237612 0.000106218  4.5955e-05 1.92406e-05 7.79667e-06 3.05169e-06 1.15197e-06 4.18873e-07 1.46455e-07 4.91051e-08 1.57881e-08  4.8645e-09 1.43663e-09 4.07131e-10 1.10845e-10 2.90654e-11 7.36487e-12 1.81826e-12 4.42073e-13 1.07433e-13 2.66457e-14 6.87826e-15 1.86961e-15  5.3578e-16 1.60652e-16  4.9809e-17 1.58011e-17 5.08858e-18 1.65387e-18 5.40539e-19  1.7727e-19 5.81114e-20 1.89095e-20 5.88372e-21 1.22392e-21
    2.88134     1.52465     0.83145    0.472205    0.271993    0.158127   0.0921493   0.0528117   0.0297105   0.0162066  0.00860208  0.00444604  0.00222899  0.00108641 0.000515657 0.000237311 0.000105982 4.58178e-05 1.91707e-05 7.76487e-06  3.0382e-06 1.14666e-06   4.169e-07 1.45771e-07 4.88865e-08 1.57234e-08 4.84682e-09 1.43232e-09 4.06231e-10  1.1071e-10 2.90701e-11 7.37822e-12 1.82517e-12 4.44768e-13 1.08341e-13 2.69253e-14  6.9598e-15  1.8931e-15 5.42692e-16 1.62734e-16 5.04468e-17     1.6e-17 5.15155e-18 1.67353e-18 5.46644e-19 1.79163e-19 5.87026e-20 1.90909e-20 5.93475e-21 1.23587e-21
    2.91009     1.54523    0.843327    0.479132    0.276032    0.160394   0.0933311    0.053373   0.0299359     0.01628  0.00861738  0.00444447  0.00222497  0.00108346  0.00051398 0.000236492 0.000105618 4.56661e-05  1.9111e-05 7.74172e-06  3.0296e-06 1.14355e-06 4.15794e-07 1.45395e-07 4.87661e-08 1.56873e-08 4.83685e-09 1.42989e-09 4.05752e-10 1.10661e-10 2.90865e-11 7.39228e-12 1.83157e-12 4.47143e-13 1.09129e-13 2.71666e-14 7.03021e-15 1.91348e-15 5.48736e-16 1.64569e-16  5.1014e-17  1.6179e-17 5.20893e-18  1.6917e-18 5.52386e-19 1.80981e-19 5.92793e-20 1.92701e-20 5.98728e-21 1.25202e-21
    2.93792     1.56586    0.854811    0.485459    0.279433    0.162123   0.0941305   0.0536999   0.0300384   0.0162951  0.00860744  0.00443285  0.00221742  0.00107957 0.000512241 0.000235812 0.000105371 4.55825e-05 1.90842e-05 7.73195e-06 3.02604e-06 1.14216e-06 4.15249e-07 1.45188e-07 4.86945e-08 1.56641e-08  4.8302e-09 1.42823e-09 4.05415e-10 1.10627e-10 2.90985e-11 7.40255e-12 1.83623e-12 4.48876e-13 1.09709e-13 2.73455e-14 7.08288e-15 1.92889e-15  5.5335e-16 1.65984e-16 5.14561e-17 1.63202e-17 5.25473e-18 1.70636e-18 5.57078e-19 1.82489e-19 5.97624e-20 1.94215e-20 6.03298e-21 1.27231e-21
     2.9642     1.58638    0.865339    0.490761    0.282026    0.163319   0.0946309   0.0538799   0.0300805   0.0162894  0.00859207  0.00442074  0.00221054  0.00107637 0.000510987 0.000235408 0.000105258 4.55557e-05 1.90793e-05 7.72989e-06 3.02498e-06 1.14154e-06 4.14945e-07 1.45057e-07 4.86471e-08 1.56485e-08 4.82573e-09 1.42712e-09 4.05197e-10 1.10607e-10  2.9107e-11 7.40927e-12 1.83922e-12 4.49983e-13 1.10079e-13 2.74602e-14 7.11691e-15 1.93894e-15 5.56385e-16 1.66921e-16 5.17506e-17 1.64148e-17 5.28564e-18 1.71627e-18 5.60258e-19 1.83513e-19 6.00896e-20 1.95231e-20 6.06384e-21 1.30843e-21