  0.0246933 6.25957e-18 1.18013e-21 3.29742e-21 9.58744e-21 3.02982e-20 1.06086e-19 4.03342e-19 1.61153e-18 6.77296e-18  3.0619e-17 6.71482e-15 3.81272e-10   1.262e-09 1.03622e-09 5.70498e-10 2.59409e-10 1.09463e-10 4.40237e-11 1.70682e-11 6.46258e-12 2.40772e-12 8.86126e-13 3.22865e-13 1.16332e-13 4.16865e-14 1.48328e-14 5.26107e-15 1.86176e-15 6.57329e-16 2.32189e-16 8.18982e-17 2.89113e-17 1.02098e-17 3.60659e-18 1.27502e-18 4.51032e-19 1.59649e-19 5.65517e-20 2.00454e-20 7.10986e-21 2.52348e-21  8.9624e-22 3.18504e-22 1.13259e-22 4.02982e-23 1.43469e-23 5.11067e-24 1.82151e-24  6.5106e-25
  0.0711727   0.0140477  0.00412578  0.00123803 0.000380785 0.000124227 4.40679e-05 1.67856e-05 6.61691e-06 2.60434e-06 9.79345e-07 3.51299e-07 1.24514e-07 4.41958e-08 1.55606e-08 5.42293e-09 1.87606e-09 6.47751e-10  2.2362e-10 7.72068e-11 2.66746e-11 9.22988e-12 3.19824e-12 1.10982e-12 3.85776e-13 1.34305e-13 4.68546e-14 1.63759e-14 5.73365e-15  2.0112e-15 7.06349e-16 2.48463e-16  8.7493e-17 3.08417e-17 1.08831e-17 3.84374e-18 1.35876e-18  4.8072e-19 1.70206e-19 6.03099e-20 2.13858e-20 7.58869e-21 2.69464e-21 9.57457e-22 3.40417e-22 1.21106e-22 4.31094e-23 1.53539e-23 5.47144e-24 1.95149e-24
   0.111916   0.0265148  0.00781648   0.0023541 0.000725884 0.000236693 8.36884e-05 3.17076e-05  1.2423e-05 4.86074e-06 1.82195e-06 6.50421e-07 2.26835e-07 7.82794e-08 2.68428e-08 9.18467e-09 3.14393e-09 1.07828e-09 3.70769e-10 1.27739e-10 4.41162e-11 1.52713e-11 5.29599e-12 1.83982e-12 6.40174e-13 2.23089e-13 7.78844e-14 2.72348e-14  9.5392e-15 3.34677e-15 1.17561e-15 4.13568e-16 1.45645e-16 5.13438e-17 1.81185e-17  6.3995e-18 2.26228e-18 8.00406e-19 2.83408e-19 1.00426e-19 3.56118e-20 1.26371e-20 4.48736e-21 1.59448e-21 5.66912e-22 2.01686e-22 7.17942e-23 2.55707e-23 9.11232e-24 3.25032e-24
   0.148592   0.0378778   0.0112149   0.0033921  0.00104917 0.000342044 0.000120537 4.53961e-05 1.76562e-05 6.85887e-06 2.56409e-06 9.14234e-07 3.16889e-07 1.08527e-07 3.70512e-08 1.26616e-08 4.33709e-09 1.48982e-09 5.13044e-10 1.77109e-10 6.12825e-11 2.12504e-11  7.3806e-12 2.56744e-12 8.94191e-13 3.11836e-13 1.08909e-13 3.80904e-14 1.33425e-14  4.6811e-15 1.64428e-15 5.78434e-16 2.03706e-16 7.18124e-17  2.5342e-17 8.95101e-18 3.16432e-18 1.11957e-18 3.96426e-19 1.40476e-19 4.98148e-20 1.76774e-20 6.27723e-21  2.2305e-21 7.93061e-22 2.82146e-22 1.00437e-22 3.57729e-23 1.27482e-23 4.54756e-24
   0.182356   0.0484673   0.0144215   0.0043831  0.00136067 0.000443706 0.000155845 5.83179e-05 2.24975e-05 8.66676e-06 3.23051e-06 1.15352e-06  4.0005e-07 1.37066e-07 4.68586e-08 1.60412e-08 5.50532e-09 1.89449e-09 6.53577e-10  2.2602e-10 7.83286e-11 2.71993e-11 9.45855e-12   3.294e-12 1.14818e-12 4.00661e-13  1.3997e-13 4.89567e-14 1.71479e-14 6.01531e-15 2.11262e-15 7.43117e-16 2.61686e-16  9.2248e-17 3.25534e-17 1.14982e-17 4.06482e-18  1.4382e-18  5.0926e-19 1.80463e-19 6.39959e-20 2.27101e-20 8.06453e-21 2.86564e-21 1.01891e-21 3.62503e-22 1.29045e-22 4.59635e-23 1.63802e-23 5.84357e-24
   0.214044   0.0585246   0.0175104   0.0053505  0.00166822  0.00054444 0.000190608 7.08586e-05 2.70997e-05 1.03427e-05 3.83991e-06 1.37449e-06 4.78642e-07 1.64584e-07 5.64253e-08 1.93556e-08 6.65437e-09 2.29367e-09 7.92479e-10 2.74459e-10 9.52396e-11 3.31111e-11 1.15275e-11 4.01889e-12 1.40209e-12 4.89624e-13 1.71109e-13 5.98542e-14 2.09632e-14 7.35181e-15 2.58132e-15 9.07789e-16 3.19626e-16 1.12659e-16 3.97545e-17 1.40414e-17 4.96388e-18 1.75633e-18 6.21922e-19  2.2039e-19 7.81571e-20 2.77363e-20 9.84961e-21 3.50004e-21 1.24452e-21 4.42782e-22 1.57628e-22 5.61461e-23 2.00098e-23 7.13859e-24
   0.244288   0.0682321   0.0205396  0.00631333  0.00197833 0.000646581 0.000225697 8.33597e-05 3.16037e-05 1.19423e-05 4.40936e-06 1.58111e-06 5.53466e-07 1.91216e-07 6.57654e-08 2.26088e-08 7.78492e-09 2.68714e-09 9.29604e-10 3.22366e-10 1.11994e-10 3.89779e-11 1.35846e-11 4.74102e-12  1.6557e-12 5.78731e-13  2.0237e-13 7.08115e-14 2.48014e-14  8.6953e-15 3.05196e-15 1.07289e-15  3.7764e-16 1.33074e-16 4.69525e-17 1.65824e-17 5.86189e-18 2.07408e-18 7.34449e-19 2.60272e-19 9.23034e-20 3.27578e-20 1.16332e-20   4.134e-21    1.47e-21 5.23027e-22 1.86202e-22 6.63274e-23 2.36395e-23 8.43289e-24
    0.27358    0.077735   0.0235565  0.00728792  0.00229678 0.000752264 0.000261933 9.61486e-05 3.61472e-05 1.35227e-05 4.95744e-06  1.7771e-06 6.24912e-07 2.16973e-07 7.48837e-08 2.58006e-08 8.89673e-09 3.07474e-09 1.06486e-09  3.6969e-10 1.28571e-10 4.47923e-11 1.56267e-11 5.45907e-12 1.90856e-12 6.67877e-13 2.33763e-13 8.18562e-14 2.86798e-14 1.00534e-14 3.52767e-15  1.2394e-15 4.36009e-16 1.53569e-16 5.41672e-17  1.9126e-17 6.76004e-18 2.39177e-18 8.46935e-19 3.00135e-19 1.06445e-19 3.77784e-20 1.34168e-20 4.76804e-21 1.69556e-21 6.03316e-22 2.14798e-22 7.65184e-23 2.72736e-23  9.7269e-24
   0.302313   0.0871542   0.0266006  0.00828832   0.0026289 0.000863582 0.000300134 0.000109557 4.08708e-05 1.51443e-05  5.5072e-06 1.96838e-06 6.93813e-07 2.41908e-07 8.37815e-08 2.89323e-08 9.99054e-09 3.45671e-09 1.19828e-09 4.16419e-10  1.4496e-10 5.05501e-11 1.76521e-11 6.17217e-12 2.16018e-12 7.56814e-13 2.65229e-13 9.29893e-14 3.26106e-14 1.14356e-14 4.01342e-15 1.40917e-15 4.95367e-16 1.74345e-16 6.14545e-17 2.16868e-17 7.66205e-18  2.7104e-18 9.59641e-19  3.4005e-19 1.20603e-19 4.28052e-20 1.52026e-20 5.40307e-21 1.92155e-21  6.8378e-22 2.43464e-22  8.6738e-23 3.09191e-23 1.10217e-23
   0.330803   0.0965908   0.0297074  0.00932746  0.00297971  0.00098264 0.000341135 0.000123922 4.59213e-05 1.68779e-05   6.087e-06 2.16355e-06 7.61943e-07  2.6628e-07 9.24934e-08 3.20137e-08   1.107e-08  3.8344e-09 1.33027e-09 4.62654e-10 1.61186e-10 5.62571e-11 1.96628e-11 6.88092e-12 2.41048e-12 8.45355e-13 2.96647e-13 1.04165e-13 3.65862e-14 1.28464e-14 4.51388e-15 1.58491e-15 5.56896e-16 1.95856e-16 6.89594e-17 2.43083e-17 8.58021e-18 3.03327e-18 1.07342e-18 3.80232e-19 1.34839e-19 4.78565e-20  1.6996e-20 6.04083e-21 2.14858e-21 7.64646e-22 2.72284e-22 9.70174e-23 3.45881e-23 1.23183e-23
   0.359316    0.106134   0.0329092   0.0104179  0.00335432  0.00111159 0.000385841 0.000139635 5.14732e-05 1.88002e-05 6.73021e-06 2.37484e-06 8.32684e-07 2.90805e-07 1.01157e-07 3.50755e-08 1.21442e-08 4.21093e-09 1.46197e-09  5.0873e-10 1.77349e-10 6.19394e-11 2.16664e-11 7.58792e-12 2.66039e-12 9.33746e-13 3.28005e-13  1.1533e-13 4.05753e-14 1.42759e-14 5.02682e-15 1.76775e-15 6.21708e-16 2.18723e-16 7.69446e-17 2.70903e-17 9.54829e-18 3.37049e-18 1.19113e-18 4.21454e-19 1.49362e-19 5.29884e-20 1.88108e-20 6.68537e-21 2.37796e-21 8.46318e-22 3.01391e-22 1.07405e-22 3.82981e-23 1.36169e-23
    0.38807    0.115864   0.0362357   0.0115718  0.00375793   0.0012527  0.00043527 0.000157142 5.77191e-05 2.09965e-05  7.4755e-06 2.61848e-06 9.11582e-07 3.16983e-07 1.10122e-07 3.81987e-08 1.32346e-08 4.59267e-09 1.59546e-09 5.55304e-10 1.93655e-10  6.7659e-11 2.36812e-11 8.29853e-12 2.91181e-12 1.02272e-12 3.59536e-13 1.26532e-13 4.45688e-14 1.57089e-14 5.54268e-15 1.95468e-15 6.89282e-16 2.43071e-16 8.56141e-17 3.01593e-17 1.06248e-17 3.74415e-18 1.32054e-18 4.66255e-19 1.64918e-19 5.84125e-20 2.07032e-20 7.35185e-21 2.61396e-21 9.29939e-22 3.31093e-22 1.17996e-22 4.20809e-23 1.49191e-23
   0.417247     0.12585    0.039715   0.0128012  0.00419582  0.00140845 0.000490557 0.000176936 6.48725e-05 2.35627e-05 8.36771e-06 2.91487e-06 1.00674e-06 3.47478e-07 1.20129e-07 4.15743e-08 1.43929e-08 4.99406e-09 1.73505e-09 6.03733e-10 2.10537e-10 7.35499e-11 2.57471e-11 9.02436e-12 3.16834e-12 1.11346e-12 3.91704e-13 1.37954e-13 4.86273e-14 1.71576e-14  6.0605e-15 2.14216e-15 7.57622e-16  2.6807e-16  9.4775e-17 3.35051e-17  1.1837e-17 4.17607e-18 1.47334e-18 5.19807e-19 1.83414e-19 6.47827e-20 2.28924e-20 8.10562e-21 2.87573e-21  1.0209e-21 3.62862e-22 1.29207e-22 4.60554e-23 1.62545e-23
   0.447003    0.136158   0.0433743    0.014118  0.00467351   0.0015815 0.000552973 0.000199592 7.31866e-05 2.66099e-05 9.45871e-06  3.2887e-06 1.12908e-06 3.86463e-07 1.32555e-07 4.56096e-08 1.57373e-08 5.44921e-09 1.89079e-09 6.57133e-10 2.28967e-10 7.99179e-11 2.79579e-11 9.79382e-12 3.43835e-12 1.20841e-12 4.25297e-13 1.49874e-13 5.28582e-14 1.86646e-14 6.59701e-15 2.33396e-15 8.26837e-16 2.93163e-16 1.04003e-16  3.6917e-17 1.31061e-17 4.64779e-18 1.64789e-18 5.83925e-19  2.0649e-19 7.29874e-20 2.58053e-20 9.11352e-21 3.22151e-21 1.13928e-21 4.03286e-22 1.43064e-22 5.08389e-23 1.78689e-23
   0.477463    0.146853     0.04724   0.0155346  0.00519698  0.00177478 0.000623957 0.000225783 8.29612e-05 3.02717e-05 1.08097e-05 3.76941e-06 1.29249e-06 4.39888e-07  1.4965e-07 5.10725e-08  1.7514e-08 6.03465e-09 2.08626e-09 7.22962e-10 2.51297e-10 8.75126e-11 3.05494e-11 1.06809e-11  3.7443e-12 1.31428e-12 4.62298e-13 1.62877e-13 5.74485e-14 2.02968e-14 7.17736e-15 2.54042e-15 9.00812e-16 3.19654e-16 1.13557e-16 4.03836e-17 1.43766e-17 5.12148e-18 1.82545e-18 6.50892e-19 2.31828e-19 8.25045e-20 2.93832e-20 1.04372e-20 3.70117e-21 1.31276e-21 4.65206e-22 1.64611e-22 5.82705e-23 2.03436e-23
   0.508736    0.157988   0.0513377   0.0170637  0.00577271  0.00199149 0.000705133 0.000256297 9.45553e-05 3.47111e-05 1.24955e-05 4.39251e-06 1.51413e-06 5.15696e-07 1.74779e-07 5.92599e-08 2.01871e-08 6.90908e-09 2.37417e-09 8.18832e-10 2.83342e-10 9.82592e-11 3.41534e-11 1.18909e-11 4.15139e-12 1.45153e-12 5.09008e-13 1.78867e-13  6.2971e-14  2.2227e-14 7.85407e-15 2.77979e-15 9.86065e-16 3.50019e-16 1.24414e-16 4.42838e-17 1.57774e-17 5.62858e-18 2.00995e-18 7.18544e-19 2.57136e-19 9.20444e-20 3.29758e-20 1.18163e-20 4.23011e-21 1.51527e-21 5.42521e-22 1.93702e-22 6.90535e-23 2.30836e-23
   0.540913    0.169617   0.0556929   0.0187188  0.00640753  0.00223518 0.000798336 0.000292048 0.000108409 4.01308e-05 1.46093e-05 5.20187e-06 1.81519e-06 6.24103e-07 2.12641e-07 7.21782e-08 2.45532e-08 8.37325e-09 2.86397e-09 9.83915e-10 3.38901e-10 1.16987e-10 4.04481e-11     1.4e-11 4.85427e-12 1.68484e-12 5.86435e-13  2.0457e-13  7.1556e-14 2.51214e-14 8.83334e-15 3.11694e-15 1.10312e-15 3.90909e-16  1.3883e-16 4.94019e-17 1.75976e-17 6.27885e-18 2.24303e-18  8.0212e-19 2.87337e-19 1.03051e-19 3.69796e-20 1.32915e-20 4.78082e-21 1.72067e-21 6.19868e-22 2.23402e-22 8.03097e-23 2.49753e-23
   0.574061    0.181788   0.0603316   0.0205137  0.00710889  0.00250982 0.000905611 0.000334081 0.000125049 4.67839e-05 1.72705e-05 6.25362e-06 2.22254e-06 7.78167e-07 2.69521e-07 9.27313e-08 3.18742e-08   1.095e-08 3.76395e-09 1.29875e-09 4.48495e-10  1.5509e-10 5.36456e-11 1.85437e-11 6.40582e-12 2.20992e-12 7.62555e-13 2.63182e-13 9.09875e-14 3.15601e-14 1.09648e-14 3.83041e-15 1.34289e-15 4.72122e-16 1.66677e-16 5.90109e-17 2.09375e-17 7.45099e-18  2.6573e-18  9.4903e-19 3.39647e-19  1.2177e-19 4.36906e-20 1.57138e-20 5.66162e-21 2.04115e-21 7.36656e-22 2.66335e-22 9.57666e-23 2.83784e-23
    0.60823    0.194548   0.0652791   0.0224625  0.00788467  0.00281977  0.00102925 0.000383584  0.00014509 5.49824e-05 2.06336e-05 7.62223e-06 2.77168e-06 9.94999e-07 3.53745e-07 1.24943e-07 4.40285e-08 1.54827e-08 5.43922e-09 1.91601e-09 6.74461e-10 2.37489e-10 8.35598e-11 2.93219e-11 1.02587e-11 3.57207e-12 1.23871e-12 4.27767e-13 1.47318e-13 5.06989e-14 1.74253e-14 6.01443e-15 2.08068e-15 7.22099e-16 2.51982e-16 8.82515e-17  3.1029e-17 1.09597e-17 3.88395e-18  1.3812e-18 4.93443e-19 1.76898e-19 6.35484e-20 2.29398e-20 8.31357e-21 3.01802e-21 1.09637e-21 3.98186e-22 1.43079e-22 4.25942e-23
   0.643452    0.207936   0.0705599   0.0245798  0.00874303  0.00316968  0.00117179 0.000441901 0.000169239 6.51008e-05 2.48934e-05 9.40668e-06 3.51126e-06 1.29812e-06 4.76714e-07 1.74373e-07 6.37155e-08 2.32563e-08 8.48633e-09   3.104e-09 1.13452e-09 4.14595e-10 1.51341e-10 5.50416e-11 1.99338e-11  7.1677e-12 2.55862e-12 9.05963e-13 3.18466e-13 1.11385e-13 3.87368e-14 1.34666e-14 4.67792e-15 1.62588e-15 5.66859e-16  1.9818e-16  6.9598e-17 2.45737e-17 8.71533e-18 3.10928e-18 1.11781e-18 4.04452e-19 1.47098e-19 5.39336e-20 1.98954e-20 7.36525e-21 2.72899e-21 1.00789e-21 3.66191e-22  1.1258e-22
   0.679749    0.221991   0.0761952   0.0268784  0.00969184  0.00356398  0.00133579 0.000510428 0.000198247 7.75488e-05 3.02729e-05 1.17281e-05 4.50476e-06 1.71944e-06  6.5412e-07 2.48679e-07 9.46917e-08 3.61117e-08 1.37999e-08 5.28968e-09 2.02843e-09 7.77906e-10 2.97926e-10 1.13641e-10 4.31105e-11 1.62137e-11 6.04091e-12 2.22684e-12 8.12475e-13 2.94007e-13 1.05462e-13 3.76396e-14 1.33831e-14 4.74793e-15  1.6853e-15 5.99073e-16 2.13654e-16 7.65551e-17 2.75765e-17 1.00017e-17 3.65784e-18 1.34908e-18 5.01573e-19 1.88517e-19 7.13862e-20 2.71614e-20 1.03408e-20 3.91431e-21 1.45003e-21 4.46104e-22
    0.71712    0.236742   0.0822028   0.0293673    0.010737  0.00400614  0.00152328 0.000590291 0.000232722 9.26595e-05 3.69635e-05 1.46981e-05 5.81633e-06 2.29402e-06 9.04129e-07 3.56953e-07 1.41437e-07 5.62513e-08 2.24636e-08  9.0079e-09 3.61779e-09  1.4537e-09 5.83274e-10 2.33048e-10 9.24934e-11  3.6354e-11 1.41248e-11  5.4181e-12 2.05218e-12 7.68701e-13 2.84776e-13 1.04608e-13 3.81908e-14 1.38782e-14 5.03351e-15 1.82613e-15 6.63527e-16 2.41821e-16  8.8593e-17 3.27153e-17 1.22017e-17 4.59654e-18   1.748e-18 6.71725e-19 2.60199e-19  1.0132e-19 3.94534e-20 1.52367e-20 5.72077e-21 1.68836e-21
   0.755548    0.252213   0.0886017   0.0320579   0.0118845   0.0044996  0.00173603 0.000682419   0.0002731 0.000110641 4.50717e-05 1.83786e-05 7.48573e-06  3.0471e-06 1.24165e-06 5.07348e-07 2.08141e-07 8.57512e-08 3.54887e-08 1.47472e-08 6.13777e-09 2.55486e-09 1.06132e-09 4.38764e-10 1.79921e-10 7.29567e-11  2.9187e-11 1.15024e-11 4.46681e-12 1.71228e-12 6.47885e-13 2.42422e-13 9.00269e-14 3.32103e-14 1.21993e-14 4.47844e-15 1.64633e-15 6.07352e-16 2.25393e-16 8.43998e-17 3.19777e-17 1.22585e-17 4.74903e-18 1.85352e-18 7.27782e-19  2.8721e-19 1.13449e-19 4.44329e-20 1.67688e-20 4.63057e-21
   0.795004    0.268427     0.09541   0.0349635   0.0131415  0.00504878  0.00197643 0.000788089 0.000320003 0.000131773 5.47154e-05  2.2819e-05 9.53738e-06 3.99392e-06  1.6771e-06 7.06705e-07  2.9897e-07 1.26958e-07 5.41164e-08 2.31262e-08 9.88756e-09 4.22275e-09 1.79705e-09 7.59999e-10 3.18251e-10 1.31483e-10 5.34858e-11 2.13774e-11 8.39711e-12 3.24787e-12 1.23672e-12 4.65105e-13 1.73407e-13 6.41526e-14 2.36437e-14 8.71554e-15 3.21941e-15 1.19638e-15 4.48381e-16 1.69717e-16 6.50339e-17 2.52341e-17 9.90145e-18 3.91359e-18 1.55473e-18 6.20722e-19 2.48286e-19 9.85617e-20 3.74939e-20 1.00734e-20
   0.835443    0.285399    0.102641   0.0380942   0.0145147  0.00565768  0.00224715 0.000908844 0.000374298 0.000156493 6.61048e-05 2.81117e-05 1.20103e-05 5.15135e-06 2.21811e-06 9.58745e-07 4.15906e-07 1.80978e-07 7.89605e-08 3.45035e-08 1.50774e-08  6.5761e-09 2.85381e-09  1.2288e-09 5.22862e-10 2.19038e-10 9.01626e-11 3.63651e-11 1.43748e-11 5.57711e-12 2.12375e-12 7.97482e-13  2.9668e-13  1.0949e-13 4.03035e-14 1.48581e-14 5.49776e-15 2.05216e-15 7.74034e-16 2.94842e-16 1.13641e-16 4.43497e-17  1.7487e-17 6.95028e-18 2.78016e-18 1.11792e-18 4.50825e-19 1.80664e-19 6.91072e-20  1.8186e-20
   0.876813     0.30313    0.110307    0.041457   0.0160096  0.00632973  0.00255024  0.00104591 0.000436661 0.000185149 7.94048e-05 3.43282e-05 1.49287e-05 6.52285e-06 2.86124e-06 1.25902e-06 5.55476e-07 2.45521e-07 1.08641e-07 4.80518e-08 2.11951e-08 9.30229e-09 4.04469e-09 1.73689e-09 7.33979e-10 3.04232e-10 1.23623e-10   4.919e-11 1.91737e-11 7.34338e-12 2.76484e-12  1.0272e-12 3.79102e-13 1.39155e-13 5.10746e-14 1.88112e-14 6.96744e-15 2.60688e-15 9.86291e-16 3.76572e-16 1.44957e-16 5.62674e-17 2.20124e-17 8.66083e-18 3.41762e-18 1.35174e-18 5.34907e-19 2.09808e-19 7.82739e-20 1.98577e-20
    0.91905    0.321615    0.118413   0.0450578   0.0176292  0.00706712  0.00288681  0.00119985 0.000507368 0.000217858  9.4648e-05 4.14678e-05  1.8278e-05 8.09101e-06 3.59223e-06 1.59794e-06 7.11572e-07 3.16799e-07 1.40865e-07 6.24042e-08 2.74441e-08 1.19514e-08 5.13111e-09 2.16585e-09 8.97156e-10   3.639e-10 1.44637e-10 5.63971e-11 2.15865e-11 8.14274e-12 3.03176e-12 1.11785e-12 4.10731e-13 1.50615e-13 5.53982e-14 2.04865e-14 7.61734e-15 2.85366e-15 1.07845e-15 4.10843e-16 1.57548e-16 6.07496e-17 2.35591e-17 9.15158e-18 3.54515e-18  1.3698e-18 5.27257e-19 2.00617e-19 7.25247e-20 1.77562e-20
   0.962082    0.340844    0.126957   0.0488974   0.0193741  0.00787002  0.00325708  0.00137071  0.00058638 0.000254545 0.000111752 4.94546e-05 2.19995e-05  9.8158e-06 4.38606e-06  1.9607e-06 8.75576e-07  3.8977e-07 1.72714e-07 7.59222e-08 3.29644e-08 1.41051e-08  5.9288e-09  2.4431e-09 9.87164e-10 3.90972e-10 1.51976e-10  5.8153e-11 2.19232e-11  8.1728e-12 3.01937e-12 1.10936e-12 4.07169e-13 1.49448e-13 5.50687e-14 2.04162e-14 7.60584e-15 2.84525e-15 1.06979e-15 4.04547e-16 1.53636e-16 5.84809e-17  2.2321e-17 8.50374e-18 3.21739e-18 1.20989e-18  4.5172e-19 1.66246e-19 5.80744e-20 1.37334e-20
    1.00582    0.360794    0.135931   0.0529706   0.0212416  0.00873671  0.00365996  0.00155787 0.000673206 0.000294874  0.00013048 5.81215e-05  2.5985e-05 1.16331e-05 5.20621e-06 2.32668e-06 1.03581e-06 4.57922e-07 2.00693e-07 8.68635e-08 3.69839e-08  1.5464e-08 6.34159e-09 2.54837e-09 1.00512e-09 3.89689e-10 1.48701e-10 5.60521e-11 2.08991e-11 7.73093e-12 2.84283e-12 1.04279e-12 3.82757e-13 1.40601e-13 5.17574e-14 1.91306e-14 7.10349e-15  2.6478e-15 9.90652e-16 3.71651e-16 1.39204e-16 5.19468e-17 1.93348e-17 7.17107e-18 2.64275e-18 9.67431e-19 3.51362e-19 1.25741e-19 4.27489e-20  9.8696e-21
    1.05016    0.381426    0.145318   0.0572698   0.0232258  0.00966332  0.00409293  0.00175982 0.000766861 0.000338193 0.000150413  6.7215e-05 3.00882e-05 1.34616e-05 6.00821e-06 2.67114e-06 1.17886e-06 5.14501e-07 2.21699e-07  9.3996e-08 3.91113e-08 1.59554e-08 6.38562e-09 2.50843e-09 9.69218e-10 3.69358e-10 1.38992e-10 5.18195e-11  1.9169e-11 7.05156e-12 2.58364e-12 9.45609e-13 3.46499e-13 1.27103e-13 4.66439e-14 1.71439e-14 6.32032e-15   2.335e-15 8.63745e-16 3.19468e-16  1.1761e-16 4.30126e-17  1.5645e-17  5.6502e-18 2.02245e-18  7.1737e-19 2.52268e-19 8.76643e-20 2.90489e-20  6.5188e-21
    1.09501    0.402695    0.155097   0.0617796   0.0253169   0.0106437  0.00455191  0.00197393 0.000865786 0.000383512 0.000170964 7.64089e-05  3.4137e-05 1.52107e-05 6.74383e-06 2.96868e-06 1.29236e-06 5.54345e-07 2.33989e-07 9.69618e-08 3.94099e-08 1.57089e-08 6.15237e-09 2.37122e-09 9.01321e-10 3.38934e-10 1.26226e-10 4.66738e-11 1.71589e-11 6.28118e-12 2.29221e-12 8.35265e-13 3.04462e-13 1.11116e-13 4.05751e-14 1.48226e-14 5.41391e-15 1.97159e-15 7.15553e-16 2.58991e-16 9.33057e-17 3.33938e-17  1.1879e-17 4.18745e-18 1.46022e-18 5.03627e-19 1.72014e-19 5.81967e-20 1.88493e-20 4.12346e-21
    1.14025    0.424542    0.165239   0.0664798   0.0275016   0.0116687  0.00503126  0.00219657 0.000967871   0.0004296 0.000191452   8.535e-05 3.79519e-05 1.67883e-05 7.36707e-06 3.19826e-06 1.36833e-06 5.75349e-07  2.3756e-07 9.62328e-08  3.8271e-08 1.49492e-08 5.74989e-09 2.18232e-09 8.18957e-10 3.04743e-10 1.12534e-10 4.13077e-11 1.50938e-11 5.49533e-12 1.99514e-12 7.22523e-13 2.61334e-13 9.45652e-14 3.42217e-14 1.23778e-14 4.46636e-15 1.60072e-15 5.69314e-16 2.01289e-16 7.07945e-17 2.47491e-17  8.6022e-18  2.9677e-18 1.01425e-18 3.43186e-19 1.15005e-19 3.82128e-20 1.21883e-20 2.62446e-21
    1.18577    0.446891    0.175703   0.0713458   0.0297628   0.0127264  0.00552372  0.00242346  0.00107055 0.000475068 0.000211167   9.369e-05 4.13613e-05 1.81126e-05 7.84279e-06 3.34817e-06 1.40492e-06 5.78606e-07 2.33816e-07 9.27628e-08 3.61948e-08 1.38993e-08 5.26752e-09 1.97453e-09 7.33204e-10 2.70358e-10 9.90618e-11 3.60952e-11 1.30963e-11 4.73451e-12 1.70668e-12 6.13233e-13 2.19665e-13 7.85625e-14 2.80449e-14  9.9959e-15  3.5531e-15 1.25332e-15 4.37691e-16 1.51503e-16 5.20898e-17 1.78109e-17 6.05897e-18 2.05334e-18 6.92361e-19 2.32112e-19  7.7281e-20 2.55309e-20 8.10863e-21 1.74892e-21
    1.23146    0.469662    0.186439   0.0763459   0.0320803   0.0138034  0.00602045  0.00264998  0.00117109 0.000518506 0.000229433 0.000101108 4.42182e-05 1.91244e-05 8.15368e-06 3.41775e-06 1.40584e-06 5.67487e-07  2.2484e-07 8.75819e-08 3.36225e-08  1.2729e-08 4.76468e-09 1.76719e-09 6.50072e-10 2.37624e-10 8.63778e-11 3.12218e-11 1.12327e-11 4.02419e-12 1.43705e-12 5.11119e-13 1.80913e-13 6.38149e-14 2.24341e-14 7.86872e-15 2.75217e-15 9.55335e-16 3.28078e-16 1.11536e-16 3.76586e-17 1.26603e-17 4.23986e-18  1.4189e-18 4.74809e-19 1.58775e-19 5.29736e-20 1.75744e-20 5.60884e-21 1.21727e-21
    1.27722    0.492772    0.197389   0.0814456   0.0344317   0.0148849  0.00651179  0.00287069  0.00126698 0.000558657 0.000245661 0.000107338  4.6419e-05 1.97962e-05 8.30168e-06 3.41593e-06 1.37845e-06 5.46259e-07 2.12693e-07 8.15493e-08 3.08724e-08 1.15457e-08  4.2746e-09 1.56989e-09 5.72298e-10 2.07347e-10  7.4721e-11 2.67647e-11 9.53476e-12 3.37937e-12 1.19318e-12 4.19334e-13 1.46474e-13 5.09204e-14   1.763e-14 6.08875e-15 2.09688e-15 7.17052e-16 2.42698e-16  8.1367e-17 2.71387e-17 9.03513e-18 3.00373e-18 9.99655e-19 3.33736e-19  1.1171e-19 3.74546e-20 1.25254e-20 4.03583e-21 8.88057e-22
    1.32294    0.516121    0.208488   0.0866104   0.0367889   0.0159559  0.00698813  0.00307973  0.00135597 0.000594533 0.000259393 0.000112199 4.79158e-05 2.01336e-05 8.30438e-06 3.35724e-06 1.33123e-06  5.1894e-07  1.9901e-07 7.52615e-08 2.81402e-08 1.04072e-08 3.81321e-09 1.38678e-09 5.00847e-10 1.79754e-10 6.41614e-11 2.27523e-11 8.01745e-12 2.80834e-12 9.79271e-13 3.39776e-13 1.17112e-13 4.01444e-14 1.37028e-14 4.66764e-15 1.58653e-15 5.36147e-16 1.79585e-16 5.96873e-17 1.97958e-17 6.57817e-18 2.19079e-18 7.31136e-19 2.44797e-19 8.21897e-20 2.77051e-20 9.35903e-21 3.06038e-21 6.91386e-22
     1.3685    0.539612     0.21967   0.0918073   0.0391254   0.0170022  0.00744084  0.00327228   0.0014359 0.000625483 0.000270358 0.000115612 4.87171e-05 2.01676e-05 8.18785e-06 3.25729e-06 1.27174e-06  4.8863e-07 1.84901e-07 6.90732e-08   2.553e-08  9.3408e-09 3.38715e-09  1.2193e-09 4.36031e-10 1.54967e-10 5.47538e-11 1.92059e-11 6.68993e-12 2.31514e-12 7.96935e-13 2.72994e-13 9.29495e-14 3.14713e-14 1.06105e-14 3.57258e-15 1.20248e-15 4.03575e-16 1.34662e-16 4.47127e-17  1.4859e-17 4.96394e-18  1.6672e-18  5.6115e-19 1.89083e-19 6.37246e-20 2.15572e-20 7.34258e-21 2.43061e-21 5.53564e-22
    1.41374    0.563175    0.230875   0.0970087   0.0414242   0.0180141  0.00786384  0.00344499  0.00150468  0.00065099 0.000278511 0.000117616 4.88827e-05 1.99456e-05 7.97999e-06 3.12955e-06 1.20551e-06 4.57325e-07 1.71002e-07 6.31617e-08 2.30877e-08 8.35748e-09 2.99854e-09 1.06778e-09 3.77883e-10 1.32946e-10 4.64818e-11  1.6127e-11 5.55471e-12 1.90008e-12 6.45911e-13  2.1859e-13 7.36464e-14 2.46928e-14 8.24582e-15 2.75152e-15 9.20384e-16 3.08538e-16 1.03364e-16 3.45772e-17 1.15864e-17 3.90529e-18 1.32484e-18 4.50772e-19 1.53229e-19 5.19576e-20 1.76073e-20 5.99298e-21 1.97725e-21 4.39592e-22
    1.45859    0.586682    0.242041    0.102157   0.0436717   0.0189801  0.00825499   0.0035963  0.00156119 0.000670483 0.000283919 0.000118365 4.85182e-05 1.95244e-05   7.707e-06 2.98432e-06 1.13602e-06 4.26098e-07 1.57597e-07 5.75871e-08 2.08228e-08 7.45772e-09 2.64688e-09  9.3207e-10 3.26173e-10 1.13479e-10 3.92498e-11 1.34799e-11 4.59744e-12 1.55714e-12 5.23861e-13 1.75421e-13 5.85838e-14 1.95063e-14 6.48029e-15  2.1529e-15 7.18611e-16 2.41579e-16 8.16292e-17 2.76212e-17 9.34285e-18 3.16985e-18 1.08105e-18 3.71578e-19 1.27829e-19 4.38933e-20 1.49719e-20 5.06838e-21  1.6498e-21  3.6052e-22
    1.50293    0.609976    0.253048    0.107149   0.0458603   0.0198849  0.00861374  0.00372718  0.00160567 0.000683719 0.000286587 0.000118022 4.77435e-05 1.89634e-05 7.39285e-06 2.82963e-06 1.06557e-06 3.95498e-07 1.44782e-07 5.23516e-08 1.87272e-08 6.63601e-09  2.3299e-09 8.11392e-10  2.8071e-10 9.65441e-11 3.30345e-11 1.12371e-11 3.79984e-12 1.27717e-12 4.26681e-13 1.41824e-13 4.70635e-14 1.56099e-14 5.18625e-15 1.72671e-15 5.77542e-16 1.94673e-16 6.61448e-17 2.25912e-17 7.72642e-18 2.64626e-18 9.09059e-19 3.14197e-19 1.08949e-19 3.77356e-20 1.29676e-20 4.39078e-21 1.42246e-21 3.15243e-22
    1.54655    0.633182    0.263746    0.111957   0.0479704   0.0207369   0.0089377  0.00383951  0.00163971 0.000691292 0.000286661 0.000116689 4.66418e-05 1.83082e-05 7.05639e-06 2.67173e-06  9.9573e-07 3.65829e-07 1.32582e-07 4.74477e-08 1.67928e-08 5.88766e-09 2.04557e-09 7.04938e-10 2.41255e-10 8.20743e-11 2.77935e-11 9.36908e-12 3.14476e-12 1.05116e-12 3.49859e-13 1.15985e-13 3.84218e-14 1.27393e-14 4.24178e-15 1.41896e-15 4.76469e-16 1.60779e-16 5.45976e-17 1.86979e-17 6.45803e-18 2.24153e-18 7.81651e-19 2.71267e-19 9.37879e-20 3.22477e-20 1.10359e-20 3.74939e-21 1.22438e-21 2.76112e-22
     1.5896    0.656396    0.274233    0.116606   0.0499381   0.0215423  0.00922889  0.00393254  0.00166539   0.0006945  0.00028469 0.000114543 4.52745e-05 1.75829e-05  6.7066e-06 2.51345e-06 9.27057e-07 3.37099e-07 1.20942e-07 4.28552e-08 1.50129e-08 5.20984e-09 1.79221e-09 6.11725e-10 2.07331e-10 6.98552e-11 2.34388e-11 7.83865e-12 2.61513e-12 8.70959e-13 2.89534e-13 9.61085e-14 3.19317e-14  1.0625e-14 3.54672e-15  1.1894e-15 4.00857e-16 1.35798e-16 4.61925e-17 1.57777e-17 5.42207e-18 1.87652e-18 6.54604e-19 2.28512e-19 7.90589e-20 2.71342e-20 9.25269e-21 3.14305e-21 1.03165e-21 2.31038e-22
    1.63224    0.679125    0.284576    0.121008   0.0517471   0.0222508  0.00949357  0.00400995  0.00168312 0.000694395 0.000281392 0.000111904 4.37452e-05 1.68157e-05 6.35042e-06  2.3567e-06 8.60385e-07 3.09568e-07 1.09908e-07 3.85582e-08 1.33749e-08 4.59573e-09 1.56613e-09 5.29879e-10  1.7813e-10 5.95607e-11 1.98405e-11  6.5946e-12  2.1902e-12 7.27776e-13 2.41982e-13 8.05883e-14 2.69112e-14  9.0083e-15 3.02161e-15 1.01663e-15 3.43374e-16 1.16559e-16 3.97343e-17 1.35821e-17 4.65129e-18 1.59872e-18 5.52718e-19 1.91646e-19 6.63171e-20 2.28488e-20 7.84924e-21 2.68575e-21 8.85904e-22 1.99999e-22
    1.67437    0.700795    0.294665    0.125201   0.0533733   0.0228757  0.00971394  0.00407751  0.00169509 0.000691712 0.000277172 0.000108999 4.21529e-05 1.60416e-05 5.99977e-06 2.20548e-06 7.97272e-07 2.83884e-07   9.973e-08 3.46257e-08 1.18899e-08 4.04556e-09 1.36597e-09 4.58292e-10 1.52981e-10 5.08581e-11 1.68606e-11 5.58392e-12 1.84998e-12 6.13994e-13 2.04244e-13 6.82294e-14 2.28956e-14 7.71428e-15 2.60651e-15 8.83042e-16 2.99441e-16 1.01539e-16 3.44344e-17 1.17021e-17 4.00423e-18 1.38085e-18 4.80366e-19 1.66985e-19 5.76449e-20 1.97772e-20 6.75761e-21 2.30706e-21 7.61247e-22 1.69266e-22
    1.71595    0.722412    0.304369    0.129264   0.0548762   0.0234219   0.0098947  0.00412734   0.0017009 0.000686844 0.000272385  0.00010601 4.05739e-05 1.52899e-05 5.66405e-06 2.06252e-06 7.38278e-07 2.60166e-07 9.04435e-08 3.10808e-08 1.05687e-08 3.56314e-09 1.19299e-09 3.97278e-10 1.31788e-10 4.36023e-11 1.44098e-11 4.76536e-12 1.57873e-12  5.2452e-13 1.74857e-13 5.85291e-14 1.96873e-14 6.65585e-15 2.26092e-15 7.70759e-16 2.63094e-16  8.9684e-17 3.05136e-17 1.03672e-17 3.53157e-18 1.21066e-18 4.18118e-19 1.45431e-19  5.0517e-20 1.75126e-20 6.04049e-21 2.06654e-21 6.81427e-22 1.54645e-22
    1.75666    0.744675    0.313576    0.133033   0.0563363   0.0238995   0.0100433  0.00415606  0.00169849 0.000679902 0.000266992 0.000102932 3.90193e-05 1.45651e-05 5.34299e-06 1.92602e-06 6.82741e-07 2.38273e-07 8.20592e-08 2.79287e-08 9.41107e-09 3.14657e-09 1.04587e-09 3.46199e-10   1.143e-10 3.76874e-11 1.24297e-11 4.10807e-12 1.36226e-12 4.53699e-13 1.51797e-13 5.09844e-14 1.71991e-14 5.82909e-15 1.98441e-15 6.78093e-16 2.32314e-16 7.95928e-17 2.72237e-17 9.29791e-18 3.18101e-18 1.09396e-18 3.78333e-19  1.3134e-19 4.55953e-20 1.58112e-20 5.47541e-21 1.88921e-21 6.30472e-22 1.47015e-22
      1.796    0.765101    0.322657    0.136507   0.0576501   0.0243681   0.0101621  0.00416909  0.00169132 0.000671294 0.000260943  9.9615e-05 3.74068e-05 1.38368e-05 5.03028e-06 1.79589e-06 6.30851e-07 2.18228e-07 7.45422e-08 2.51588e-08 8.40981e-09 2.79184e-09 9.22451e-10 3.03927e-10 1.00025e-10 3.29265e-11 1.08566e-11 3.59114e-12 1.19282e-12 3.98158e-13 1.33582e-13 4.50314e-14 1.52473e-14 5.18592e-15 1.77069e-15 6.06507e-16 2.08259e-16 7.15493e-17 2.45558e-17 8.41644e-18 2.88886e-18 9.96349e-19 3.45476e-19 1.20104e-19 4.16951e-20 1.44567e-20 5.01595e-21 1.74173e-21 5.86894e-22 1.38127e-22
    1.83316     0.78458    0.331723    0.139935   0.0588322   0.0247235   0.0102605  0.00417135  0.00167983 0.000661608 0.000254595 9.62348e-05 3.57901e-05 1.31178e-05 4.72905e-06 1.67462e-06 5.83596e-07 2.00237e-07 6.78352e-08 2.27102e-08 7.53367e-09 2.48498e-09 8.16999e-10 2.68253e-10   8.811e-11 2.89869e-11 9.56479e-12 3.16969e-12 1.05525e-12 3.52976e-13 1.18657e-13 4.01058e-14 1.36144e-14 4.64123e-15 1.58832e-15 5.45366e-16  1.8764e-16 6.45605e-17 2.21959e-17 7.62609e-18 2.62377e-18 9.06324e-19 3.14423e-19 1.09558e-19 3.81941e-20 1.33101e-20 4.63762e-21 1.61439e-21 5.44498e-22 1.26511e-22
    1.86903    0.804882    0.340448    0.143287    0.059941   0.0249946   0.0103249  0.00416431  0.00166239 0.000650315 0.000248183 9.29528e-05 3.42447e-05  1.2438e-05 4.44554e-06 1.56121e-06 5.39689e-07 1.83724e-07 6.17688e-08 2.05483e-08 6.77573e-09 2.22364e-09 7.28378e-10 2.38604e-10 7.83097e-11 2.57765e-11 8.51731e-12 2.82792e-12 9.43544e-13 3.16282e-13 1.06499e-13 3.60607e-14 1.22648e-14 4.18731e-15 1.43376e-15 4.92286e-16 1.69404e-16 5.83386e-17 2.00906e-17 6.92771e-18 2.39786e-18 8.33656e-19 2.90935e-19 1.01684e-19 3.55474e-20 1.24284e-20 4.34056e-21 1.50995e-21 5.08079e-22 1.18014e-22
    1.90458    0.823356    0.348956    0.146481    0.060986   0.0252802   0.0103628   0.0041499  0.00164156  0.00063719 0.000241477 8.96999e-05 3.27538e-05 1.17933e-05 4.18065e-06 1.45662e-06 4.99358e-07 1.68673e-07 5.62892e-08 1.86317e-08 6.12052e-09  2.0024e-09 6.54496e-10 2.14167e-10 7.02988e-11 2.31678e-11 7.66973e-12 2.55183e-12 8.53341e-13 2.86702e-13 9.67258e-14   3.278e-14  1.1156e-14 3.81032e-15 1.30509e-15 4.48087e-16  1.5424e-16 5.31899e-17   1.836e-17 6.34951e-18  2.2048e-18 7.68765e-19 2.68869e-19 9.40451e-20 3.28904e-20 1.15155e-20 4.03339e-21 1.40804e-21 4.75418e-22 1.10752e-22
    1.93921    0.840437    0.357352    0.149617   0.0619816   0.0255186   0.0103867  0.00412774  0.00161914 0.000623403 0.000234592 8.64427e-05 3.12955e-05 1.11747e-05 3.93115e-06 1.35995e-06 4.63037e-07 1.55373e-07 5.15211e-08 1.69652e-08  5.5543e-09 1.81322e-09  5.9199e-10 1.93685e-10  6.3623e-11 2.09994e-11 6.96611e-12 2.32256e-12 7.78254e-13 2.62003e-13 8.85526e-14 3.00423e-14 1.02315e-14 3.49578e-15 1.19737e-15 4.10958e-16 1.41462e-16 4.88436e-17 1.68988e-17  5.8532e-18  2.0302e-18 7.05809e-19 2.45822e-19 8.57801e-20 2.99681e-20 1.04979e-20 3.68862e-21 1.29571e-21 4.40651e-22 1.03227e-22
    1.97301    0.857366    0.365012    0.152585   0.0629193   0.0257354   0.0104091  0.00410281  0.00159567 0.000609384  0.00022749 8.31824e-05 2.98755e-05 1.05834e-05 3.69539e-06 1.26898e-06 4.29466e-07 1.43433e-07 4.73786e-08 1.55375e-08 5.07432e-09 1.65453e-09 5.40091e-10 1.76831e-10 5.81655e-11  1.9233e-11 6.39331e-12 2.13559e-12 7.16802e-13   2.417e-13 8.18023e-14 2.77883e-14  9.4746e-15 3.23996e-15 1.11016e-15 3.80954e-16 1.31079e-16 4.52674e-17 1.56806e-17 5.43756e-18 1.88454e-18 6.53257e-19 2.26547e-19 7.88707e-20 2.75667e-20 9.67878e-21 3.41485e-21 1.20705e-21 4.13356e-22 9.75968e-23
    2.00583     0.87298    0.371727    0.155246   0.0638458   0.0259522   0.0104377  0.00408201  0.00157244 0.000595773 0.000220519 7.99981e-05 2.85024e-05 1.00176e-05 3.47304e-06 1.18497e-06 3.98568e-07 1.32574e-07 4.37035e-08  1.4301e-08 4.66515e-09   1.521e-09 4.96941e-10 1.62969e-10 5.37209e-11 1.78069e-11 5.93329e-12 1.98574e-12 6.67466e-13 2.25318e-13 7.63278e-14 2.59576e-14 8.85891e-15 3.03178e-15 1.03938e-15 3.56699e-16 1.22692e-16 4.23598e-17 1.46764e-17 5.09319e-18 1.76623e-18 6.11843e-19 2.11837e-19 7.37001e-20 2.58176e-20 9.09986e-21 3.22221e-21 1.14164e-21 3.91178e-22  9.1667e-23
    2.03808     0.88767    0.378158    0.157688   0.0647377   0.0261387   0.0104654  0.00406536  0.00155234 0.000583128 0.000214072 7.70236e-05 2.72154e-05 9.48843e-06 3.26608e-06 1.10796e-06 3.70682e-07 1.22803e-07 4.03968e-08  1.3204e-08 4.30617e-09 1.40507e-09  4.5983e-10 1.51156e-10 4.99627e-11 1.66101e-11 5.55155e-12 1.86321e-12 6.27707e-13 2.12258e-13 7.20078e-14 2.45327e-14 8.38699e-15 2.87372e-15 9.85481e-16 3.38165e-16 1.16349e-16 4.02097e-17 1.39483e-17 4.84412e-18 1.67905e-18  5.8085e-19 2.00707e-19 6.98617e-20 2.45572e-20 8.69739e-21 3.08979e-21 1.09379e-21 3.73265e-22 8.71682e-23
    2.07012    0.902766    0.384545    0.160088   0.0655585   0.0263252   0.0104833  0.00404834  0.00153443 0.000571538 0.000208171 7.42937e-05 2.60443e-05 9.00995e-06   3.079e-06 1.03812e-06 3.45745e-07 1.14136e-07 3.74635e-08 1.22389e-08 3.99282e-09 1.30452e-09 4.27838e-10 1.41031e-10 4.67466e-11 1.55829e-11 5.22359e-12 1.75856e-12 5.94338e-13 2.01621e-13 6.86082e-14 2.34248e-14 8.02424e-15 2.75439e-15 9.45858e-16 3.24875e-16 1.11868e-16 3.86972e-17 1.34365e-17  4.6696e-18 1.61824e-18 5.59292e-19 1.92996e-19 6.73611e-20 2.38136e-20 8.48887e-21 3.02612e-21 1.06826e-21  3.6264e-22 8.49656e-23
    2.10166    0.918595     0.39106    0.162446   0.0663406   0.0265138   0.0104916  0.00402782  0.00151595 0.000560205 0.000202447 7.16911e-05  2.4946e-05 8.56596e-06 2.90702e-06 9.74729e-07 3.23235e-07 1.06389e-07 3.48643e-08 1.13949e-08  3.7226e-09  1.2188e-09 4.00802e-10 1.32544e-10 4.40729e-11 1.47337e-11  4.9513e-12 1.67093e-12 5.66288e-13 1.92741e-13 6.58185e-14 2.25035e-14 7.71286e-15 2.65088e-15 9.13242e-16 3.14806e-16 1.08598e-16 3.75387e-17 1.30132e-17 4.52031e-18 1.56936e-18 5.43651e-19 1.88011e-19 6.59575e-20 2.34701e-20 8.41912e-21 3.00705e-21 1.05525e-21 3.55523e-22 8.32905e-23
    2.13251    0.934526    0.397795    0.164828   0.0671491   0.0266995   0.0104938  0.00400283  0.00149541 0.000548282 0.000196582 6.90835e-05 2.38638e-05 8.13492e-06 2.74216e-06 9.14954e-07 3.02225e-07 9.92176e-08 3.24753e-08 1.06217e-08 3.47659e-09 1.14133e-09 3.76451e-10 1.24895e-10 4.16694e-11 1.39755e-11 4.70946e-12 1.59324e-12 5.41141e-13 1.84556e-13 6.31697e-14 2.16509e-14   7.433e-15 2.55938e-15   8.844e-16 3.06128e-16 1.05953e-16 3.66611e-17 1.27025e-17 4.41226e-18 1.53517e-18  5.3361e-19 1.85038e-19 6.48172e-20   2.301e-20 8.22706e-21 2.93401e-21 1.02908e-21 3.47054e-22 8.28266e-23
    2.16187    0.949504    0.404242    0.167149   0.0679419   0.0268888   0.0104947  0.00397604  0.00147406 0.000536233 0.000190772 6.65236e-05 2.28133e-05 7.72374e-06 2.58705e-06 8.58857e-07 2.82691e-07 9.26054e-08 3.02865e-08 9.91094e-09 3.24935e-09 1.06948e-09 3.53763e-10 1.17711e-10 3.93875e-11  1.3248e-11  4.4769e-12 1.51883e-12 5.17013e-13 1.76567e-13 6.05047e-14 2.08103e-14  7.1716e-15 2.47684e-15  8.5717e-16  2.9724e-16 1.03185e-16 3.58319e-17 1.24516e-17 4.33558e-18 1.51213e-18 5.27185e-19 1.83185e-19 6.33874e-20 2.21585e-20  7.7926e-21 2.75916e-21 9.74432e-22  3.3321e-22 8.23766e-23
    2.18977    0.963395    0.410142    0.169272   0.0686126   0.0270638   0.0104991  0.00395179  0.00145435  0.00052514  0.00018545 6.41848e-05 2.18562e-05 7.35352e-06 2.44976e-06 8.09675e-07 2.65697e-07 8.68982e-08  2.8412e-08 9.30516e-09 3.05589e-09 1.00813e-09 3.34365e-10 1.11562e-10 3.74358e-11 1.26264e-11 4.27835e-12 1.45542e-12 4.96645e-13  1.6994e-13 5.83223e-14 2.00936e-14 6.93952e-15 2.40242e-15 8.33566e-16 2.89775e-16 1.00802e-16  3.5057e-17 1.21967e-17 4.25304e-18 1.48692e-18 5.19857e-19 1.81362e-19 6.25502e-20 2.16783e-20 7.54459e-21  2.6495e-21   9.361e-22 3.23191e-22 8.24456e-23
    2.21717    0.976295    0.415752    0.171302   0.0692109   0.0272101   0.0105106   0.0039328  0.00143725 0.000515312 0.000180739 6.21339e-05 2.10247e-05 7.03422e-06  2.3323e-06 7.68064e-07  2.5148e-07 8.21664e-08 2.68704e-08 8.81161e-09  2.8994e-09 9.58678e-10 3.18799e-10 1.06656e-10 3.58952e-11  1.2144e-11 4.12703e-12 1.40798e-12 4.81852e-13 1.65351e-13 5.69019e-14  1.9622e-14 6.78091e-15 2.35045e-15 8.18119e-16 2.85554e-16 9.97112e-17 3.47635e-17  1.2111e-17 4.22079e-18 1.47248e-18 5.13988e-19 1.79311e-19  6.2422e-20 2.18035e-20 7.64158e-21 2.68888e-21  9.4764e-22 3.27702e-22 8.52278e-23
    2.24445    0.989397    0.421338    0.173208   0.0698249   0.0273431   0.0105188  0.00391852  0.00142239 0.000506565 0.000176544 6.03214e-05 2.03002e-05 6.75855e-06 2.23101e-06 7.32302e-07 2.39361e-07 7.81678e-08 2.55773e-08 8.40031e-09 2.76998e-09 9.18034e-10 3.06039e-10 1.02643e-10 3.46317e-11 1.17464e-11 4.00244e-12  1.3691e-12 4.69787e-13 1.61637e-13   5.577e-14 1.92747e-14 6.67347e-15  2.3157e-15 8.06106e-16 2.81492e-16 9.85616e-17  3.4529e-17 1.20874e-17 4.22345e-18 1.47141e-18  5.1257e-19 1.78499e-19 6.23809e-20 2.18976e-20 7.71027e-21 2.72211e-21 9.61434e-22 3.33774e-22 8.78091e-23
    2.27151     1.00369    0.427033    0.175078   0.0704553   0.0274924   0.0105246  0.00390471  0.00140874 0.000498734 0.000172846 5.87265e-05 1.96679e-05  6.5208e-06 2.14464e-06 7.02074e-07 2.29196e-07 7.48384e-08 2.45073e-08 8.06154e-09 2.66399e-09 8.84994e-10 2.95689e-10 9.93778e-11 3.35944e-11 1.14148e-11 3.89656e-12 1.33537e-12 4.59162e-13 1.58346e-13 5.47543e-14   1.896e-14 6.57735e-15 2.28641e-15 7.96955e-16 2.78583e-16 9.75334e-17  3.4136e-17 1.19396e-17 4.17747e-18 1.46209e-18 5.11896e-19 1.79282e-19 6.28213e-20  2.2094e-20  7.7865e-21 2.74709e-21 9.68847e-22 3.36062e-22 8.75584e-23
    2.29798     1.01797    0.432634     0.17707   0.0710581   0.0276548   0.0105392   0.0038915  0.00139591 0.000491458 0.000169464 5.72813e-05 1.90983e-05 6.31213e-06 2.07156e-06 6.76743e-07 2.20753e-07 7.20926e-08 2.36293e-08 7.78519e-09 2.57802e-09 8.58354e-10 2.87414e-10 9.67943e-11 3.27783e-11 1.11546e-11 3.81274e-12  1.3081e-12 4.50329e-13  1.5553e-13 5.38622e-14 1.86848e-14 6.49182e-15 2.25994e-15 7.89068e-16 2.76481e-16 9.69345e-17  3.3904e-17 1.18347e-17   4.133e-18 1.44677e-18 5.07512e-19 1.78279e-19 6.27305e-20 2.21298e-20 7.82107e-21 2.76331e-21 9.73831e-22 3.37314e-22 8.76763e-23
    2.32483      1.0326    0.438224     0.17898   0.0716417   0.0278099   0.0105555  0.00388321  0.00138522 0.000484931 0.000166364 5.59664e-05 1.85837e-05 6.12559e-06 2.00765e-06 6.55008e-07 2.13578e-07 6.97811e-08 2.28962e-08 7.55531e-09 2.50655e-09 8.36083e-10 2.80443e-10 9.45985e-11 3.20855e-11 1.09348e-11 3.74261e-12  1.2856e-12 4.42984e-13 1.53066e-13 5.30219e-14 1.84252e-14 6.41429e-15   2.237e-15 7.82038e-16 2.74338e-16 9.63162e-17 3.37419e-17 1.17963e-17 4.12361e-18 1.44385e-18 5.06692e-19 1.78065e-19 6.26703e-20 2.21162e-20 7.81663e-21  2.7653e-21 9.77759e-22 3.39992e-22  8.9009e-23
    2.35281     1.04805    0.444048    0.180871   0.0721706   0.0279605   0.0105714  0.00387705  0.00137613 0.000479186 0.000163665 5.48337e-05 1.81439e-05 5.96497e-06 1.95154e-06 6.36109e-07 2.07395e-07 6.78059e-08 2.22742e-08 7.36156e-09 2.44648e-09 8.17314e-10 2.74504e-10 9.26921e-11 3.14751e-11  1.0739e-11 3.68027e-12 1.26592e-12 4.36685e-13  1.5098e-13 5.23135e-14 1.81791e-14 6.32952e-15 2.20983e-15 7.74818e-16 2.72734e-16 9.59113e-17 3.35687e-17 1.17138e-17  4.0934e-18 1.43791e-18 5.06823e-19 1.78963e-19 6.30293e-20  2.2237e-20 7.85466e-21 2.77932e-21 9.84377e-22 3.42974e-22 8.97394e-23
      2.381     1.06286    0.450346    0.182807   0.0726724   0.0280933   0.0105816  0.00387229  0.00136834  0.00047417 0.000161309 5.38474e-05  1.7762e-05 5.82629e-06 1.90344e-06 6.20027e-07 2.02182e-07 6.61671e-08   2.177e-08 7.20819e-09 2.40004e-09 8.03027e-10 2.70052e-10 9.12838e-11 3.10226e-11 1.05917e-11 3.63245e-12 1.25048e-12 4.31718e-13 1.49378e-13 5.17848e-14 1.79876e-14 6.25915e-15 2.18419e-15 7.65948e-16 2.69805e-16 9.50037e-17 3.32935e-17 1.16263e-17 4.06349e-18 1.42762e-18  5.0355e-19 1.78006e-19 6.29052e-20 2.22645e-20 7.89159e-21 2.79906e-21 9.92201e-22 3.45911e-22 9.01169e-23
    2.40876      1.0769    0.457031    0.184648   0.0732077   0.0281851   0.0105836  0.00386659  0.00136128 0.000469592 0.000159231 5.30027e-05 1.74344e-05 5.70764e-06 1.86246e-06 6.06388e-07 1.97796e-07 6.48075e-08 2.13619e-08 7.08757e-09 2.36452e-09  7.9227e-10 2.66743e-10 9.02513e-11 3.06939e-11  1.0485e-11 3.59705e-12 1.23858e-12 4.27745e-13 1.48059e-13  5.1337e-14 1.78351e-14 6.20682e-15 2.16487e-15 7.58002e-16 2.66584e-16 9.38798e-17 3.29672e-17 1.15401e-17 4.03792e-18  1.4172e-18 4.99166e-19 1.76187e-19 6.24081e-20 2.21616e-20  7.8852e-21 2.80455e-21 9.94736e-22 3.46548e-22 8.91739e-23
    2.43615     1.09116    0.463691      0.1868   0.0737647   0.0282727   0.0105837  0.00385527  0.00135412 0.000465241  0.00015736 5.22798e-05 1.71581e-05 5.60787e-06 1.82806e-06  5.9496e-07 1.94138e-07 6.36728e-08 2.10186e-08 6.98441e-09 2.33421e-09 7.83494e-10 2.64151e-10 8.94745e-11 3.04552e-11 1.04101e-11 3.57263e-12 1.23038e-12 4.24948e-13  1.4708e-13 5.09805e-14 1.77051e-14 6.15963e-15 2.14707e-15 7.50852e-16 2.63735e-16 9.28877e-17 3.26761e-17 1.14627e-17 4.01696e-18 1.41029e-18 4.96685e-19 1.75233e-19 6.20331e-20 2.20252e-20 7.83628e-21   2.788e-21 9.89251e-22 3.44305e-22 8.74773e-23
    2.46216      1.1049    0.470289    0.189443   0.0743922   0.0284042   0.0105803  0.00384157  0.00134675  0.00046128 0.000155648 5.16129e-05   1.691e-05 5.51832e-06 1.79728e-06 5.85454e-07 1.91096e-07 6.27268e-08 2.07312e-08 6.89714e-09 2.30847e-09 7.76348e-10  2.6217e-10 8.89256e-11 3.02972e-11 1.03631e-11 3.55776e-12 1.22545e-12 4.23236e-13 1.46446e-13 5.07326e-14 1.76072e-14 6.12156e-15 2.13214e-15 7.44847e-16  2.6132e-16 9.20221e-17 3.24121e-17 1.13898e-17 3.99725e-18 1.40431e-18 4.94693e-19 1.74522e-19 6.17268e-20 2.18995e-20 7.78533e-21 2.76887e-21 9.82612e-22 3.41675e-22 8.58453e-23
    2.48711     1.11814    0.477075    0.192308   0.0750987   0.0285869    0.010582  0.00383118  0.00133885 0.000457266 0.000153972 5.09779e-05 1.66841e-05  5.4399e-06 1.77108e-06  5.7803e-07 1.88794e-07  6.2016e-08 2.05175e-08 6.83447e-09 2.29032e-09 7.71255e-10 2.60767e-10 8.85413e-11 3.01892e-11 1.03315e-11 3.54768e-12 1.22196e-12 4.21942e-13 1.45924e-13 5.05111e-14 1.75175e-14 6.08625e-15 2.11888e-15 7.40112e-16 2.59608e-16 9.13969e-17 3.21913e-17 1.13146e-17 3.97124e-18 1.39471e-18 4.90959e-19 1.73063e-19 6.12274e-20 2.17303e-20 7.72791e-21 2.74723e-21 9.73444e-22 3.37522e-22 8.34162e-23
    2.51244     1.13124    0.483895    0.195174    0.075931   0.0288271   0.0105994  0.00382147  0.00133134 0.000453186 0.000152285 5.03567e-05 1.64742e-05 5.37458e-06 1.75161e-06 5.72467e-07  1.8716e-07 6.15253e-08 2.03733e-08 6.79306e-09 2.27837e-09 7.67774e-10 2.59791e-10 8.82717e-11 3.01148e-11 1.03103e-11 3.54137e-12 1.21997e-12 4.21202e-13 1.45586e-13 5.03516e-14 1.74469e-14 6.05673e-15 2.10773e-15 7.36449e-16 2.58411e-16 9.09547e-17 3.20145e-17 1.12459e-17 3.94448e-18 1.38394e-18 4.86503e-19 1.71231e-19 6.05685e-20 2.14959e-20 7.64427e-21 2.71576e-21 9.60754e-22 3.32139e-22  8.0894e-23
    2.53637     1.14349    0.489843     0.19796   0.0768107   0.0291167   0.0106498  0.00381499  0.00132516 0.000449358   0.0001506 4.97298e-05 1.62655e-05 5.31282e-06 1.73465e-06 5.67698e-07 1.86018e-07  6.1245e-08 2.03046e-08 6.77587e-09  2.2739e-09 7.66449e-10 2.59413e-10 8.81611e-11  3.0085e-11 1.03017e-11 3.53933e-12 1.21962e-12 4.21068e-13 1.45455e-13  5.0261e-14 1.74049e-14 6.03895e-15  2.1011e-15 7.34421e-16 2.57817e-16 9.07407e-17 3.19225e-17 1.12074e-17 3.92903e-18 1.37774e-18 4.83905e-19 1.70106e-19 6.00081e-20 2.12393e-20 7.53195e-21   2.672e-21  9.4561e-22 3.26757e-22  7.8985e-23
    2.55723     1.15561    0.494855    0.200628   0.0776768   0.0294106   0.0107354  0.00382178  0.00132227 0.000446437 0.000149049 4.91219e-05  1.6058e-05 5.24808e-06 1.71577e-06 5.62392e-07 1.84941e-07 6.10676e-08 2.02891e-08  6.7803e-09 2.27748e-09 7.67844e-10 2.59856e-10  8.8276e-11 3.01154e-11 1.03081e-11 3.54108e-12 1.22022e-12 4.21199e-13 1.45418e-13  5.0203e-14 1.73803e-14 6.02963e-15 2.09793e-15 7.33563e-16 2.57606e-16 9.06802e-17 3.19014e-17 1.11997e-17 3.92525e-18 1.37541e-18 4.82633e-19 1.69455e-19 5.95695e-20 2.10019e-20 7.41751e-21 2.62615e-21 9.30439e-22 3.21799e-22 7.74568e-23
    2.57598     1.16754    0.499646    0.203028   0.0786078   0.0296845   0.0108364  0.00383835  0.00132507 0.000445233 0.000147903  4.8618e-05 1.58739e-05 5.18468e-06 1.69551e-06 5.56466e-07 1.83539e-07 6.07936e-08 2.02569e-08   6.785e-09 2.28366e-09 7.71198e-10 2.61135e-10 8.86914e-11 3.02452e-11 1.03466e-11 3.55244e-12 1.22351e-12 4.22066e-13 1.45582e-13 5.01962e-14   1.737e-14 6.02373e-15 2.09566e-15 7.33075e-16 2.57522e-16 9.06761e-17  3.1909e-17 1.12053e-17 3.92563e-18 1.37352e-18 4.81178e-19 1.68666e-19 5.91928e-20  2.0823e-20 7.33627e-21 2.59381e-21 9.19601e-22 3.18258e-22 7.63796e-23
    2.59282     1.17749    0.504342    0.205223      0.0795    0.029943   0.0109379  0.00385918  0.00133256 0.000446116 0.000147527 4.83454e-05 1.57482e-05 5.13392e-06 1.67745e-06 5.50517e-07 1.81788e-07 6.03253e-08 2.01468e-08 6.76426e-09 2.28293e-09  7.7363e-10 2.62545e-10 8.92798e-11 3.04656e-11  1.0426e-11 3.57926e-12 1.23225e-12 4.24823e-13 1.46381e-13 5.04024e-14  1.7419e-14 6.03276e-15  2.0968e-15 7.33286e-16 2.57482e-16 9.06089e-17 3.18642e-17 1.11813e-17 3.91489e-18 1.36907e-18 4.79355e-19 1.67936e-19 5.88956e-20 2.06955e-20 7.28118e-21 2.57225e-21 9.12415e-22 3.15861e-22 7.55304e-23
    2.60703     1.18479    0.508777    0.207143   0.0802357   0.0301729    0.011028  0.00388636  0.00134128  0.00044831  0.00014797 4.83715e-05 1.57135e-05 5.11377e-06 1.66975e-06 5.47055e-07 1.80455e-07 5.98702e-08 2.00009e-08 6.72244e-09 2.27215e-09 7.71842e-10 2.62537e-10 8.94452e-11 3.05767e-11 1.04832e-11 3.60381e-12 1.24213e-12 4.28677e-13 1.47825e-13 5.09342e-14 1.75854e-14 6.08312e-15 2.11199e-15 7.37956e-16 2.58802e-16 9.08551e-17 3.18422e-17 1.11351e-17 3.89221e-18 1.36229e-18 4.77464e-19  1.6744e-19 5.86528e-20 2.05751e-20 7.22436e-21 2.54907e-21 9.04366e-22 3.12871e-22 7.41799e-23
    2.61782     1.19044    0.512293    0.208501   0.0807972   0.0303635   0.0110988  0.00391137  0.00134944  0.00045075 0.000148753 4.85992e-05 1.57685e-05 5.13172e-06 1.67758e-06 5.49454e-07 1.80981e-07 5.99541e-08  1.9996e-08 6.70751e-09 2.26326e-09 7.67891e-10 2.61207e-10 8.90316e-11 3.04734e-11 1.04651e-11  3.6038e-12 1.24437e-12 4.30282e-13 1.48685e-13 5.13488e-14  1.7749e-14 6.14477e-15 2.13548e-15 7.46943e-16 2.62127e-16 9.18932e-17 3.20943e-17 1.11824e-17  3.8993e-18 1.36407e-18 4.77965e-19 1.67577e-19  5.8579e-20 2.04951e-20 7.17549e-21 2.52696e-21 8.95965e-22 3.09283e-22 7.24422e-23
    2.62329     1.19432    0.514066    0.209298    0.081121   0.0304593   0.0111454  0.00392863  0.00135502 0.000452769 0.000149365  4.8845e-05 1.58647e-05 5.16833e-06 1.69311e-06 5.56302e-07 1.83409e-07 6.07749e-08  2.0266e-08 6.78838e-09 2.28628e-09 7.73982e-10 2.62792e-10 8.94027e-11 3.05233e-11 1.04573e-11 3.59381e-12 1.23877e-12 4.28178e-13 1.48136e-13 5.12278e-14 1.77451e-14 6.15585e-15 2.14338e-15  7.5055e-16 2.63563e-16 9.24297e-17  3.2284e-17 1.12492e-17 3.92088e-18 1.36995e-18 4.79451e-19  1.6793e-19 5.87321e-20 2.05571e-20 7.20028e-21 2.53605e-21  8.9863e-22 3.09641e-22 7.24484e-23
    2.62595     1.19456    0.513643    0.209499   0.0811555   0.0304559   0.0111539  0.00393603  0.00135579 0.000453344 0.000149521 4.89622e-05 1.59373e-05 5.19928e-06 1.70731e-06 5.62872e-07 1.86042e-07 6.17951e-08 2.06583e-08 6.94065e-09   2.342e-09 7.93323e-10  2.6933e-10 9.15697e-11 3.11997e-11 1.06645e-11 3.65635e-12 1.25737e-12 4.33989e-13 1.50127e-13 5.19218e-14 1.79625e-14 6.22217e-15 2.15455e-15 7.47004e-16 2.60338e-16 9.10935e-17 3.18769e-17 1.11331e-17 3.88738e-18 1.35894e-18 4.75837e-19 1.66797e-19 5.85425e-20 2.05736e-20 7.23803e-21 2.55797e-21 9.07039e-22 3.12259e-22 7.31037e-23
    2.63771     1.19469    0.510753    0.208716    0.080847   0.0303336   0.0111095  0.00392164  0.00135006 0.000451669 0.000149054 4.88778e-05 1.59383e-05 5.20854e-06  1.7146e-06 5.66116e-07 1.87778e-07 6.25561e-08 2.09634e-08 7.06491e-09 2.39097e-09 8.12034e-10  2.7652e-10 9.43211e-11 3.22101e-11 1.10289e-11 3.78391e-12 1.30128e-12 4.49254e-13 1.55553e-13 5.38705e-14  1.8622e-14 6.44324e-15 2.22195e-15  7.6461e-16 2.64864e-16 9.24523e-17 3.23786e-17 1.13296e-17  3.9638e-18 1.38774e-18 4.86573e-19 1.70806e-19 6.00644e-20 2.11529e-20 7.45713e-21 2.62633e-21 9.22631e-22 3.14812e-22 7.27037e-23
    2.66195     1.20207    0.510058    0.207841   0.0802805   0.0300363   0.0109864  0.00387592  0.00133546 0.000447055 0.000147634 4.84726e-05 1.58247e-05 5.17856e-06  1.7077e-06 5.64641e-07 1.87917e-07 6.27716e-08 2.10724e-08 7.11409e-09 2.41205e-09 8.20859e-10 2.80323e-10 9.59524e-11 3.28478e-11 1.12679e-11 3.87146e-12 1.33283e-12 4.60628e-13 1.59729e-13 5.54289e-14 1.92065e-14 6.65912e-15  2.3034e-15 7.95497e-16 2.76135e-16 9.64545e-17 3.37944e-17  1.1839e-17 4.14716e-18 1.45329e-18 5.09861e-19 1.79065e-19 6.29694e-20 2.21705e-20 7.81206e-21 2.73965e-21 9.54569e-22 3.23381e-22 7.48365e-23
    2.69147     1.21689    0.514867    0.208749   0.0801878   0.0298558   0.0108813  0.00383135  0.00131977 0.000441575  0.00014576 4.78601e-05 1.56304e-05 5.11739e-06 1.68872e-06 5.59074e-07 1.86297e-07 6.23048e-08 2.09368e-08 7.07794e-09 2.40287e-09 8.18605e-10 2.79914e-10 9.59589e-11 3.28943e-11 1.12962e-11 3.88645e-12 1.34001e-12 4.63543e-13 1.60774e-13 5.58117e-14 1.93558e-14 6.71555e-15 2.32575e-15 8.04464e-16 2.79447e-16  9.7612e-17 3.41963e-17  1.1983e-17 4.19892e-18 1.47146e-18 5.16108e-19 1.81199e-19 6.36943e-20 2.24123e-20 7.89102e-21 2.76857e-21 9.65991e-22 3.27176e-22 7.53785e-23
    2.72296     1.23518    0.522796    0.211643   0.0810553   0.0300572   0.0109134  0.00383187  0.00131714 0.000440066 0.000145094 4.76029e-05 1.55419e-05 5.08838e-06 1.67947e-06 5.56339e-07 1.85511e-07 6.20956e-08 2.08847e-08 7.06606e-09 2.40083e-09 8.18582e-10 2.80112e-10 9.60987e-11 3.29722e-11 1.13324e-11 3.90175e-12 1.34617e-12  4.6588e-13 1.61627e-13 5.61309e-14 1.94747e-14 6.75871e-15 2.34196e-15 8.10504e-16 2.81511e-16  9.8265e-17  3.4396e-17 1.20454e-17 4.21856e-18 1.47748e-18 5.17811e-19 1.81639e-19 6.37851e-20 2.24177e-20 7.88252e-21 2.76405e-21 9.64313e-22 3.25907e-22 7.41025e-23
    2.75512       1.255     0.53219    0.215633   0.0825721   0.0305673   0.0110717  0.00387956  0.00133115 0.000444288 0.000146348 4.79823e-05 1.56641e-05 5.12918e-06 1.69346e-06 5.61394e-07 1.87341e-07 6.27668e-08  2.1129e-08 7.15372e-09 2.43227e-09 8.29826e-10 2.84095e-10  9.7509e-11 3.34714e-11 1.15075e-11 3.96259e-12  1.3672e-12 4.73084e-13 1.64085e-13 5.69771e-14 1.97691e-14 6.86034e-15 2.37758e-15 8.23025e-16 2.85757e-16 9.96702e-17 3.48588e-17 1.21994e-17 4.27014e-18  1.4947e-18  5.2345e-19 1.83465e-19 6.43616e-20  2.2593e-20  7.9338e-21 2.78007e-21 9.69531e-22 3.27046e-22 7.38655e-23
    2.78746     1.27566     0.54231    0.220165    0.084433   0.0312616   0.0113132  0.00396024  0.00135703 0.000452547 0.000148918 4.87786e-05 1.59151e-05  5.2086e-06 1.71868e-06 5.69558e-07  1.8997e-07 6.36242e-08 2.14089e-08 7.24534e-09 2.46257e-09 8.39944e-10 2.87492e-10 9.86568e-11 3.38639e-11 1.16409e-11 4.00771e-12 1.38241e-12  4.7819e-13 1.65805e-13 5.75617e-14  1.9973e-14 6.93112e-15  2.4026e-15 8.31932e-16 2.88821e-16 1.00692e-16 3.51975e-17 1.23131e-17 4.30846e-18 1.50747e-18 5.27633e-19 1.84819e-19 6.47876e-20 2.27214e-20 7.97103e-21 2.79148e-21 9.73064e-22  3.2763e-22   7.352e-23
    2.81965     1.29683    0.552865    0.224998    0.086478   0.0320548   0.0115996  0.00405795  0.00138817 0.000462062 0.000151683 4.95609e-05 1.61363e-05 5.27084e-06 1.73608e-06 5.74468e-07 1.91345e-07 6.40134e-08 2.15181e-08 7.27701e-09 2.47208e-09  8.4299e-10 2.88539e-10 9.90341e-11 3.40117e-11 1.16986e-11 4.03009e-12 1.39101e-12 4.81431e-13 1.67016e-13 5.80171e-14 2.01436e-14  6.9947e-15 2.42638e-15 8.40741e-16 2.91995e-16 1.01798e-16 3.55774e-17  1.2445e-17 4.35412e-18 1.52299e-18 5.32852e-19 1.86563e-19 6.53505e-20 2.28983e-20 8.02553e-21 2.80863e-21 9.78378e-22 3.28848e-22 7.35196e-23
    2.85138     1.31828    0.563712    0.230022   0.0886237   0.0328913   0.0118967  0.00415433  0.00141595 0.000469359 0.000153411 4.99337e-05 1.62104e-05 5.28352e-06 1.73751e-06 5.74409e-07 1.91253e-07   6.398e-08 2.15102e-08 7.27727e-09 2.47346e-09 8.44008e-10  2.8909e-10  9.9299e-11  3.4132e-11   1.175e-11 4.05095e-12 1.39924e-12 4.84577e-13 1.68196e-13 5.84613e-14 2.03088e-14 7.05586e-15 2.44907e-15 8.49094e-16 2.95002e-16 1.02855e-16 3.59451e-17 1.25743e-17 4.39952e-18 1.53875e-18 5.38284e-19  1.8843e-19 6.59727e-20 2.31022e-20 8.09187e-21  2.8304e-21 9.85364e-22 3.30774e-22 7.39361e-23
    2.88235     1.33983    0.574738     0.23512   0.0907503   0.0336836    0.012156  0.00422868  0.00143349 0.000472632 0.000153772 4.98853e-05 1.61633e-05 5.26352e-06 1.73066e-06 5.72392e-07  1.9073e-07 6.38657e-08 2.14936e-08 7.27829e-09   2.476e-09 8.45547e-10 2.89806e-10 9.96048e-11 3.42562e-11 1.17987e-11 4.06954e-12 1.40623e-12 4.87176e-13 1.69157e-13 5.88188e-14 2.04424e-14 7.10558e-15 2.46764e-15 8.56012e-16 2.97527e-16 1.03755e-16 3.62635e-17 1.26879e-17 4.43995e-18 1.55297e-18 5.43264e-19  1.9017e-19 6.65635e-20 2.33006e-20 8.15836e-21 2.85271e-21 9.92669e-22 3.32953e-22 7.46535e-23
    2.91213     1.36125    0.585403    0.239819   0.0925702   0.0343006   0.0123356  0.00427304  0.00144163  0.00047327 0.000153451 4.96716e-05 1.60791e-05 5.23656e-06 1.72313e-06 5.70602e-07 1.90373e-07 6.38223e-08 2.15018e-08 7.28589e-09 2.47998e-09 8.47233e-10 2.90463e-10 9.98521e-11 3.43496e-11 1.18334e-11 4.08248e-12 1.41104e-12 4.88955e-13 1.69818e-13 5.90655e-14 2.05356e-14 7.14055e-15 2.48084e-15 8.60994e-16 2.99372e-16 1.04422e-16 3.65037e-17  1.2775e-17 4.47133e-18 1.56415e-18 5.47239e-19 1.91579e-19 6.70486e-20 2.34663e-20 8.21492e-21 2.87195e-21 9.99049e-22 3.34949e-22 7.56556e-23
     2.9404     1.38252    0.595239    0.243802   0.0939772   0.0347337   0.0124496  0.00429779  0.00144501 0.000472957 0.000152992 4.94546e-05 1.60031e-05 5.21435e-06 1.71763e-06 5.69544e-07 1.90244e-07 6.38396e-08 2.15231e-08 7.29507e-09 2.48355e-09 8.48483e-10 2.90898e-10 1.00004e-10 3.44057e-11 1.18541e-11 4.09027e-12 1.41398e-12 4.90054e-13 1.70231e-13 5.92212e-14 2.05944e-14 7.16264e-15 2.48918e-15 8.64158e-16 3.00549e-16 1.04853e-16 3.66603e-17 1.28323e-17 4.49219e-18 1.57164e-18  5.4992e-19 1.92536e-19 6.73791e-20 2.35795e-20 8.25372e-21 2.88512e-21 1.00337e-21 3.36317e-22 7.75489e-23