  0.0302814 5.89769e-18 2.75652e-24 5.46659e-24 1.17918e-23 2.90833e-23 8.52737e-23 2.98692e-22 1.24268e-21 6.31162e-21 3.99563e-20   3.001e-19 2.16713e-18 1.21314e-17 5.76853e-17 1.70614e-15 1.25675e-11 1.41375e-11 9.90197e-12 5.58779e-12 2.74627e-12 1.25812e-12 5.48845e-13 2.28451e-13 9.05028e-14 3.49289e-14 1.30573e-14 4.80273e-15 1.74431e-15 6.25715e-16 2.24153e-16 7.95934e-17 2.82734e-17 1.00292e-17 3.55232e-18  1.2589e-18 4.46116e-19 1.58103e-19 5.60667e-20  1.9891e-20 7.05952e-21 2.50708e-21 8.90885e-22 3.16737e-22 1.12675e-22 4.01055e-23 1.42838e-23 5.09028e-24 1.81491e-24 6.53472e-25
  0.0870903   0.0245935   0.0103358  0.00425573  0.00171568 0.000689928 0.000277182 0.000106674 3.64298e-05 1.02876e-05 2.35664e-06 5.15443e-07 1.40348e-07 4.62927e-08 1.60256e-08 5.56794e-09 1.93073e-09 6.70732e-10 2.33397e-10 8.11298e-11 2.81374e-11 9.75293e-12  3.3747e-12 1.16599e-12 4.02562e-13 1.39018e-13 4.81371e-14  1.6714e-14 5.82146e-15 2.03506e-15  7.1261e-16 2.50298e-16 8.80341e-17 3.10044e-17 1.09347e-17 3.86026e-18 1.36419e-18 4.82538e-19 1.70808e-19 6.05118e-20 2.14547e-20 7.61243e-21 2.70285e-21 9.60312e-22 3.41413e-22 1.21455e-22 4.32309e-23 1.53957e-23 5.48571e-24 1.95843e-24
   0.136606   0.0462269   0.0194798  0.00804713  0.00325281  0.00130933  0.00052633 0.000203099 6.99803e-05 2.01332e-05 4.73567e-06 1.04074e-06 2.71075e-07 8.55398e-08 2.89486e-08 9.92432e-09 3.40272e-09 1.16791e-09 4.01237e-10  1.3777e-10 4.73385e-11  1.6289e-11 5.60736e-12 1.93232e-12 6.66579e-13 2.30293e-13 7.98126e-14 2.77356e-14 9.66804e-15 3.38142e-15  1.1846e-15 4.16199e-16 1.46425e-16 5.15806e-17 1.81948e-17 6.42434e-18 2.27057e-18 8.03236e-19 2.84381e-19 1.00763e-19 3.57304e-20 1.26788e-20  4.5021e-21 1.59971e-21 5.68768e-22 2.02345e-22 7.20273e-23 2.56522e-23 9.14062e-24 3.26418e-24
   0.180861   0.0657285    0.027786   0.0115235  0.00467376  0.00188458  0.00075886 0.000294191 0.000102704  3.0345e-05 7.42355e-06 1.66245e-06 4.14745e-07 1.23473e-07 4.04596e-08 1.36738e-08 4.66071e-09 1.59574e-09 5.47743e-10 1.88395e-10  6.4923e-11 2.24224e-11 7.74997e-12 2.68191e-12 9.28171e-13 3.21517e-13 1.11581e-13  3.8799e-14 1.35276e-14 4.73083e-15 1.65713e-15 5.82176e-16 2.04819e-16 7.21517e-17 2.54526e-17 8.98768e-18 3.17676e-18 1.12389e-18 3.97936e-19 1.41008e-19 5.00042e-20  1.7745e-20 6.30141e-21 2.23919e-21 7.96181e-22 2.83268e-22  1.0084e-22  3.5916e-23 1.27988e-23 4.57193e-24
   0.221255   0.0836665   0.0354995   0.0147885  0.00602262  0.00243472  0.00098299 0.000383476 0.000136083 4.15325e-05 1.06666e-05 2.47227e-06 5.99888e-07 1.67457e-07 5.23452e-08 1.72874e-08 5.83947e-09 1.99395e-09 6.85272e-10 2.36578e-10 8.18961e-11  2.8419e-11 9.86877e-12 3.43041e-12 1.19127e-12 4.13746e-13 1.43753e-13 4.99967e-14 1.74267e-14 6.09032e-15  2.1319e-15  7.4865e-16 2.63316e-16 9.27409e-17 3.27147e-17 1.15522e-17 4.08333e-18 1.44472e-18 5.11574e-19 1.81289e-19 6.42936e-20 2.28177e-20 8.10341e-21 2.87975e-21 1.02403e-21 3.64364e-22  1.2972e-22 4.62072e-23 1.64678e-23  5.8842e-24
   0.258797     0.10045    0.042797   0.0179178  0.00733269  0.00297458  0.00120511 0.000473707 0.000171268 5.41953e-05 1.46997e-05 3.57651e-06 8.65658e-07 2.28855e-07 6.74153e-08 2.14198e-08 7.09079e-09 2.39608e-09 8.20718e-10 2.83633e-10 9.84808e-11 3.43079e-11 1.19649e-11 4.17691e-12 1.45596e-12 5.07299e-13 1.76547e-13 6.14334e-14 2.14052e-14 7.47226e-15  2.6125e-15  9.1655e-16 3.22148e-16 1.13403e-16 3.99955e-17 1.41218e-17 4.99146e-18 1.76613e-18 6.25437e-19 2.21658e-19 7.86186e-20 2.79048e-20 9.91105e-21 3.52252e-21 1.25276e-21 4.45799e-22 1.58732e-22 5.65496e-23 2.01568e-23 7.20305e-24
   0.294247    0.116382   0.0498126   0.0209707   0.0086305  0.00351616  0.00143055 0.000567166  0.00020922 6.87725e-05 1.97595e-05 5.10086e-06  1.2658e-06  3.2568e-07 9.07306e-08 2.73672e-08 8.73652e-09 2.87586e-09 9.69666e-10 3.32509e-10  1.1515e-10 4.01473e-11 1.40404e-11 4.91903e-12 1.72151e-12 6.02188e-13 2.10151e-13  7.3244e-14 2.55267e-14 8.89999e-15 3.10688e-15 1.08809e-15   3.819e-16 1.34284e-16 4.73328e-17 1.67061e-17 5.90365e-18 2.08891e-18 7.39784e-19 2.62204e-19  9.3012e-20 3.30187e-20  1.1729e-20 4.16926e-21 1.48303e-21 5.27828e-22 1.87971e-22 6.69794e-23 2.38796e-23 8.53085e-24
   0.328196    0.131699   0.0566522   0.0239957  0.00993843  0.00406988  0.00166412 0.000665907   0.0002508 8.56729e-05 2.60896e-05 7.19183e-06 1.87177e-06 4.85506e-07 1.31236e-07   3.776e-08 1.15176e-08 3.63086e-09 1.18177e-09 3.94747e-10 1.34293e-10 4.63777e-11 1.61661e-11 5.66534e-12 1.98827e-12 6.98203e-13 2.44611e-13 8.55398e-14 2.98679e-14 1.04105e-14 3.63043e-15 1.26816e-15  4.4399e-16 1.55776e-16 5.48287e-17 1.93305e-17 6.82629e-18 2.41483e-18 8.55136e-19 3.03085e-19 1.07529e-19 3.81795e-20 1.35646e-20 4.82275e-21  1.7159e-21 6.10851e-22 2.17586e-22 7.75522e-23 2.76571e-23 9.87074e-24
    0.36111    0.146593   0.0633998   0.0270324   0.0112759  0.00464546  0.00191033 0.000771914 0.000296833 0.000105297 3.39412e-05 1.00145e-05 2.77425e-06 7.48363e-07 2.03824e-07 5.75917e-08 1.70334e-08 5.14546e-09 1.59824e-09 5.09499e-10 1.65791e-10 5.52733e-11 1.88197e-11 6.50665e-12 2.27207e-12 7.97537e-13  2.8018e-13 9.83811e-14 3.44838e-14 1.20456e-14 4.20631e-15 1.46608e-15 5.11675e-16 1.78918e-16 6.27749e-17  2.2072e-17 7.77909e-18 2.74915e-18 9.72866e-19 3.44669e-19 1.22284e-19 4.34251e-20 1.54303e-20 5.48752e-21 1.95308e-21 6.95507e-22 2.47817e-22 8.83588e-23 3.15235e-23 1.12286e-23
   0.393366    0.161218   0.0701273   0.0301145     0.01266  0.00525211  0.00217359 0.000887143  0.00034815 0.000128054 4.35742e-05 1.37503e-05 4.08363e-06 1.16926e-06 3.31695e-07 9.56473e-08 2.84341e-08 8.49948e-09 2.57365e-09 7.89388e-10 2.43235e-10 7.61556e-11 2.43831e-11 8.00235e-12 2.69715e-12 9.25687e-13  3.2182e-13 1.12656e-13 3.95379e-14 1.38568e-14 4.85863e-15  1.6949e-15 5.90811e-16 2.06023e-16 7.19342e-17 2.51641e-17 8.82916e-18 3.11007e-18 1.09771e-18 3.88165e-19 1.37613e-19 4.88525e-20 1.73535e-20 6.17252e-21 2.19772e-21 7.82906e-22 2.79065e-22  9.9549e-23 3.55355e-23 1.26115e-23
   0.425275    0.175708   0.0768964   0.0332732   0.0141071  0.00589872  0.00245857  0.00101382 0.000405703 0.000154381 5.52579e-05 1.85927e-05 5.92805e-06  1.8196e-06 5.48706e-07 1.66267e-07 5.14239e-08 1.58676e-08 4.90948e-09 1.52163e-09 4.63871e-10 1.40339e-10 4.23757e-11 1.28461e-11 3.98304e-12 1.26254e-12 4.12712e-13 1.38348e-13 4.72819e-14 1.63549e-14  5.7003e-15 1.98671e-15 6.92377e-16 2.41333e-16  8.3925e-17 2.91969e-17 1.01749e-17 3.55773e-18 1.24702e-18 4.38391e-19 1.54834e-19 5.48188e-20 1.94252e-20 6.90359e-21 2.45769e-21 8.75445e-22 3.12087e-22 1.11384e-22 3.97864e-23 1.40285e-23
   0.457094    0.190178   0.0837604   0.0365363   0.0156327  0.00659415  0.00277031  0.00115454 0.000470721  0.00018479 6.92776e-05  2.4745e-05 8.45083e-06 2.78718e-06 9.01265e-07 2.91316e-07 9.55619e-08 3.12604e-08 1.02371e-08 3.35599e-09 1.07638e-09 3.38848e-10 1.04326e-10 3.14256e-11 9.41493e-12 2.78598e-12 8.28751e-13 2.50587e-13 7.78398e-14 2.49421e-14 8.13829e-15 2.72369e-15 9.19941e-16 3.13574e-16 1.07226e-16 3.67804e-17 1.26435e-17 4.35131e-18 1.50128e-18 5.19936e-19 1.81145e-19 6.33844e-20 2.22198e-20 7.84405e-21 2.78022e-21 9.86492e-22 3.50721e-22  1.2505e-22 4.46372e-23 1.56449e-23
   0.489035    0.204722   0.0907666   0.0399295   0.0172513  0.00734756  0.00311423  0.00131212 0.000544564 0.000219979 8.59603e-05 3.24228e-05 1.18081e-05 4.17579e-06 1.44956e-06 5.01978e-07 1.75777e-07 6.15054e-08 2.15832e-08 7.61153e-09 2.63904e-09 9.00779e-10  3.0054e-10 9.75379e-11 3.10792e-11 9.69586e-12 2.94305e-12 8.81365e-13 2.64177e-13 8.02991e-14  2.4312e-14 7.65562e-15 2.41778e-15 7.72288e-16 2.50363e-16 8.15552e-17 2.66942e-17 8.75334e-18 2.87982e-18 9.50978e-19 3.14966e-19 1.04832e-19 3.50622e-20 1.18959e-20 4.07022e-21 1.39823e-21 4.84606e-22 1.69911e-22 5.91231e-23 2.44175e-23
   0.521278    0.219431   0.0979585   0.0434757   0.0189772  0.00816825  0.00349618  0.00148986 0.000628922 0.000260764 0.000105737 4.18599e-05 1.61657e-05 6.10241e-06 2.26774e-06 8.40172e-07 3.13914e-07 1.17425e-07 4.41335e-08 1.67269e-08 6.27429e-09 2.33125e-09   8.519e-10 3.04196e-10 1.06589e-10  3.6598e-11 1.22005e-11 3.98401e-12 1.28854e-12 4.17013e-13 1.32941e-13 4.37549e-14 1.43113e-14 4.71105e-15 1.57993e-15 5.29811e-16  1.7866e-16 6.05973e-17 2.05795e-17  6.9836e-18   2.363e-18 8.00742e-19 2.72149e-19 9.25782e-20 3.15873e-20 1.08207e-20 3.74015e-21   1.306e-21 4.34096e-22 3.06404e-22
   0.553969    0.234386    0.105374   0.0471974   0.0208248  0.00906589  0.00392257  0.00169161 0.000725841 0.000308182 0.000129141 5.33449e-05 2.17014e-05 8.69452e-06 3.44259e-06 1.35935e-06 5.40058e-07 2.15072e-07 8.61546e-08 3.48567e-08 1.40334e-08 5.62547e-09 2.23174e-09 8.70193e-10 3.34181e-10 1.25693e-10  4.6199e-11   1.665e-11 5.92731e-12 2.09873e-12 7.31976e-13 2.60566e-13 9.20251e-14  3.2637e-14 1.17657e-14 4.23543e-15 1.53849e-15 5.65241e-16 2.08137e-16 7.69292e-17 2.86002e-17 1.06818e-17 4.00634e-18 1.50326e-18 5.66231e-19 2.14461e-19  8.1198e-20 3.05569e-20 1.10676e-20 7.78026e-21
   0.587233    0.249658    0.113047   0.0511163   0.0228087   0.0100504  0.00440034  0.00192177 0.000837806 0.000363558 0.000156849 6.72461e-05 2.86259e-05 1.20895e-05 5.07131e-06 2.12397e-06 8.93438e-07 3.76902e-07 1.59981e-07 6.85895e-08 2.93715e-08 1.25666e-08 5.34709e-09 2.24739e-09 9.33611e-10 3.80369e-10 1.52376e-10 5.99967e-11 2.33156e-11 8.98294e-12 3.41371e-12 1.31028e-12 4.98814e-13 1.90115e-13 7.32377e-14  2.8133e-14 1.08864e-14 4.25411e-15 1.66427e-15 6.55008e-16 2.60632e-16 1.04285e-16 4.18929e-17 1.69906e-17 6.93632e-18 2.84612e-18 1.16798e-18 4.76707e-19 1.90915e-19 1.18125e-19
   0.621175    0.265306    0.121012   0.0552534   0.0249434   0.0111321  0.00493699  0.00218539  0.00096789 0.000428589 0.000189756 8.40298e-05 3.72043e-05 1.64503e-05 7.26088e-06 3.20822e-06  1.4225e-06 6.32642e-07 2.83023e-07 1.27751e-07 5.77187e-08 2.61077e-08 1.17828e-08 5.27162e-09 2.33731e-09 1.02114e-09 4.39998e-10 1.86827e-10 7.83067e-11 3.24935e-11 1.33156e-11 5.46831e-12 2.22785e-12 9.06099e-13 3.70389e-13 1.50821e-13 6.16737e-14 2.53728e-14 1.04342e-14 4.31154e-15  1.7991e-15 7.54217e-16  3.1715e-16 1.34961e-16 5.78535e-17 2.48877e-17 1.07336e-17 4.62785e-18 1.97727e-18 1.04354e-18
   0.655876    0.281389    0.129297   0.0596287   0.0272435    0.012322   0.0055404  0.00248799  0.00111974 0.000505431 0.000229051 0.000104329 4.77769e-05 2.19757e-05 1.01399e-05 4.69753e-06 2.18471e-06 1.01957e-06 4.78504e-07 2.26208e-07 1.07137e-07 5.08415e-08  2.4117e-08 1.13718e-08 5.32801e-09  2.4676e-09 1.12989e-09  5.1092e-10  2.2823e-10 1.00933e-10 4.41267e-11 1.92304e-11 8.31693e-12 3.58255e-12 1.54393e-12  6.6237e-13 2.84512e-13  1.2253e-13 5.26943e-14 2.27262e-14 9.86765e-15 4.29775e-15 1.87605e-15 8.27728e-16 3.67411e-16 1.63419e-16 7.27696e-17 3.23533e-17 1.42256e-17 6.49979e-18
   0.691396    0.297957    0.137932   0.0642611   0.0297235   0.0136314  0.00621888  0.00283555   0.0012975 0.000596746 0.000276322 0.000129027 6.08199e-05 2.89283e-05 1.38643e-05 6.69279e-06  3.2483e-06 1.58347e-06 7.76289e-07 3.82796e-07 1.89157e-07 9.36459e-08 4.63698e-08 2.28595e-08 1.12159e-08 5.45118e-09 2.62435e-09 1.24982e-09  5.8858e-10 2.74553e-10 1.26694e-10 5.81273e-11 2.64748e-11 1.19894e-11 5.41429e-12 2.43354e-12 1.09202e-12 4.89705e-13 2.19112e-13 9.81894e-14 4.42035e-14 1.99395e-14 9.00845e-15 4.10391e-15 1.87807e-15 8.60148e-16 3.93246e-16 1.78613e-16 7.94921e-17   3.222e-17
   0.727775    0.315052    0.146942    0.069169   0.0323969   0.0150713    0.006981  0.00323441  0.00150572 0.000705678 0.000333586 0.000159339 7.70208e-05 3.76877e-05 1.86476e-05 9.32177e-06 4.69571e-06 2.37941e-06 1.21321e-06 6.21746e-07 3.19345e-07 1.64269e-07 8.44955e-08 4.33032e-08 2.20956e-08 1.11815e-08 5.60993e-09 2.78655e-09 1.36998e-09 6.67671e-10 3.22052e-10 1.54294e-10 7.34042e-11 3.46853e-11 1.63064e-11 7.62788e-12 3.55684e-12 1.65464e-12 7.67737e-13 3.56245e-13   1.657e-13 7.71788e-14 3.59895e-14  1.6869e-14 7.92645e-15 3.72398e-15 1.74348e-15 8.07837e-16  3.6279e-16 1.34883e-16
   0.765042    0.332713    0.156344   0.0743643    0.035275   0.0166506  0.00783433  0.00369049  0.00174889 0.000835517 0.000403112 0.000196755 9.72979e-05 4.87867e-05 2.47911e-05 1.27555e-05 6.62902e-06 3.47193e-06 1.83157e-06 9.71316e-07 5.16494e-07 2.75039e-07 1.46399e-07   7.767e-08 4.10106e-08 2.14865e-08 1.11621e-08 5.74219e-09 2.92478e-09 1.47677e-09 7.38282e-10 3.66233e-10 1.80369e-10 8.82102e-11 4.28993e-11  2.0757e-11 1.00016e-11 4.80346e-12 2.30113e-12 1.10118e-12 5.27119e-13 2.52518e-13 1.21086e-13 5.82822e-14 2.80858e-14 1.35223e-14  6.4785e-15 3.06247e-15 1.38993e-15 4.90522e-16
   0.803205     0.35097    0.166153   0.0798522   0.0383629    0.018374  0.00878329  0.00420754  0.00203003 0.000988679 0.000486781 0.000242645 0.000122585 6.28156e-05 3.26433e-05   1.719e-05 9.15628e-06 4.92171e-06 2.66681e-06 1.45371e-06 7.95045e-07 4.35553e-07 2.38516e-07 1.30235e-07 7.07489e-08 3.81453e-08 2.03828e-08 1.07831e-08 5.64732e-09 2.93013e-09  1.5054e-09 7.66829e-10 3.87694e-10 1.94579e-10 9.70704e-11  4.8186e-11 2.38072e-11 1.17147e-11 5.74932e-12 2.81968e-12 1.38391e-12 6.79823e-13 3.34163e-13 1.64543e-13 8.10559e-14 3.98699e-14 1.94881e-14 9.36545e-15 4.27543e-15 1.42081e-15
   0.842253    0.369845    0.176385   0.0856423   0.0416659   0.0202463  0.00983109  0.00478806  0.00235082  0.00116643 0.000585606 0.000297828 0.000153526 8.02455e-05 4.25183e-05 2.28176e-05  1.2384e-05 6.78385e-06 3.74589e-06 2.08117e-06 1.16022e-06 6.47885e-07 3.61635e-07 2.01282e-07 1.11415e-07  6.1192e-08 3.32907e-08   1.792e-08 9.54498e-09  5.0352e-09 2.62931e-09 1.36008e-09 6.98291e-10 3.55737e-10 1.79999e-10 9.06325e-11 4.54451e-11 2.27136e-11 1.13297e-11 5.65075e-12 2.82339e-12 1.41313e-12 7.07925e-13 3.54203e-13  1.7691e-13 8.81593e-14 4.36505e-14 2.11978e-14 9.64489e-15 2.96569e-15
   0.882162    0.389361    0.187054   0.0917472   0.0451924   0.0222749   0.0109834  0.00543631  0.00271411  0.00137054 0.000700702 0.000363041 0.000190658 0.000101489 5.47337e-05 2.98731e-05 1.64759e-05 9.16561e-06 5.13574e-06 2.89269e-06 1.63394e-06  9.2394e-07 5.21894e-07 2.93817e-07 1.64415e-07   9.121e-08 5.00912e-08 2.71912e-08 1.45904e-08 7.74689e-09 4.06757e-09 2.11556e-09   1.092e-09  5.5918e-10 2.84609e-10 1.44271e-10 7.28709e-11 3.67538e-11  1.8532e-11 9.34632e-12 4.72213e-12 2.39061e-12 1.21174e-12 6.13301e-13 3.09547e-13 1.55813e-13 7.79315e-14 3.81891e-14 1.73892e-14  5.1904e-15
   0.922894    0.409528    0.198165   0.0981724    0.048948   0.0244649   0.0122462  0.00615729  0.00312383  0.00160367 0.000833799 0.000439332 0.000234617 0.000126949 6.95456e-05 3.85216e-05 2.15404e-05 1.21375e-05  6.8811e-06 3.91789e-06 2.23624e-06 1.27714e-06 7.27981e-07 4.13269e-07  2.3299e-07 1.30106e-07 7.18741e-08 3.91989e-08 2.11069e-08 1.12293e-08 5.89901e-09 3.06785e-09 1.58344e-09 8.10904e-10 4.13214e-10  2.0993e-10 1.06398e-10 5.39517e-11 2.73814e-11 1.38933e-11  7.0565e-12 3.59013e-12 1.82718e-12 9.28897e-13 4.71298e-13 2.38474e-13 1.19942e-13 5.90929e-14 2.69092e-14 7.86114e-15
   0.964404    0.430344    0.209723    0.104918   0.0529348   0.0268191   0.0136222  0.00695366  0.00358215  0.00186734 0.000985835 0.000527232  0.00028562 0.000156642 8.68737e-05 4.86481e-05 2.74669e-05 1.56083e-05 8.91378e-06 5.10634e-06 2.92785e-06 1.67701e-06 9.56391e-07 5.41858e-07 3.04213e-07 1.68852e-07 9.26201e-08 5.01551e-08  2.6808e-08 1.41662e-08 7.39737e-09 3.82318e-09 1.96367e-09 1.00211e-09 5.09562e-10 2.58564e-10 1.31007e-10 6.64463e-11  3.3737e-11 1.71128e-11 8.66525e-12 4.38229e-12 2.21355e-12 1.11524e-12 5.59413e-13 2.79275e-13 1.38357e-13 6.70127e-14 2.99039e-14 8.46942e-15
    1.00664    0.451801    0.221726    0.111981   0.0571494    0.029336   0.0151101   0.0078246  0.00408857  0.00216119  0.00115644 0.000626395 0.000343306 0.000190206 0.000106397 6.00014e-05 3.40618e-05   1.943e-05 1.11212e-05 6.37265e-06 3.64489e-06 2.07674e-06 1.17484e-06 6.58595e-07 3.65365e-07 2.00238e-07 1.08439e-07 5.80463e-08 3.07001e-08  1.6075e-08 8.33517e-09 4.28493e-09  2.1921e-09 1.11623e-09 5.67289e-10 2.87902e-10 1.45758e-10 7.36839e-11 3.72174e-11 1.87687e-11 9.43988e-12 4.73272e-12 2.36689e-12 1.17754e-12 5.80934e-13 2.84256e-13 1.37588e-13 6.49786e-14 2.82498e-14 7.75795e-15
    1.04952    0.473886    0.234161    0.119352   0.0615826   0.0320084   0.0167054  0.00876694  0.00464084  0.00248352  0.00134424  0.00073566  0.00040674 0.000226928 0.000127596 7.22147e-05 4.10671e-05 2.34175e-05 1.33696e-05 7.62137e-06 4.32321e-06 2.43595e-06 1.36006e-06 7.51278e-07 4.10594e-07 2.21857e-07 1.18552e-07 6.27374e-08  3.2864e-08 1.70681e-08 8.79547e-09 4.50436e-09 2.29757e-09 1.16706e-09 5.91523e-10 2.99355e-10 1.50994e-10 7.58383e-11 3.79544e-11 1.89369e-11 9.40923e-12 4.64995e-12 2.28766e-12 1.11691e-12 5.39135e-13 2.57444e-13 1.21307e-13  5.5669e-14 2.35117e-14 6.26222e-15
    1.09299    0.496574    0.247008    0.127011   0.0662198   0.0348247   0.0183995  0.00977488  0.00523433  0.00283092  0.00154663 0.000852963 0.000474378 0.000265727 0.000149733 8.47827e-05 4.81325e-05 2.73275e-05 1.54936e-05  8.7459e-06 4.90063e-06 2.72188e-06 1.49686e-06 8.14281e-07 4.38526e-07 2.33891e-07  1.2353e-07 6.47191e-08 3.36305e-08 1.73512e-08  8.8936e-09 4.53701e-09  2.3062e-09 1.16695e-09 5.87899e-10 2.95151e-10 1.47641e-10 7.35132e-11   3.643e-11 1.79569e-11 8.77695e-12 4.24854e-12 2.03935e-12 9.70195e-13 4.56421e-13 2.12256e-13 9.73285e-14 4.34504e-14 1.78666e-14 4.63963e-15
    1.13693     0.51982    0.260239    0.134937   0.0710408   0.0377685   0.0201797   0.0108393  0.00586218   0.0031981  0.00175961 0.000975458 0.000544246 0.000305274 0.000171925 9.70994e-05  5.4846e-05 3.08951e-05 1.73334e-05 9.65981e-06 5.33645e-06 2.91923e-06 1.58159e-06 8.48479e-07 4.51099e-07 2.37943e-07 1.24472e-07 6.46649e-08 3.33649e-08 1.71065e-08 8.71753e-09  4.4222e-09 2.23438e-09 1.12335e-09 5.61294e-10 2.78858e-10  1.3785e-10 6.77316e-11 3.30548e-11 1.60097e-11 7.67065e-12 3.63142e-12 1.70082e-12  7.8723e-13 3.59576e-13 1.62021e-13 7.19075e-14 3.11092e-14 1.24114e-14  3.1057e-15
    1.18127    0.543578    0.273823    0.143098   0.0760188   0.0408188    0.022029   0.0119471  0.00651501  0.00357791  0.00197808  0.00109968 0.000614109 0.000344122 0.000193211 0.000108525 6.08043e-05 3.38932e-05 1.87767e-05  1.0318e-05 5.61876e-06  3.0302e-06 1.61984e-06 8.58634e-07 4.51591e-07 2.35964e-07  1.2243e-07 6.31234e-08 3.23429e-08 1.64688e-08 8.33351e-09 4.19263e-09 2.09825e-09 1.04451e-09 5.16602e-10   2.537e-10 1.23612e-10 5.96185e-11 2.84582e-11 1.34557e-11 6.29314e-12 2.90714e-12  1.3272e-12 5.97514e-13  2.6494e-13 1.15636e-13 4.96121e-14 2.07471e-14 8.00197e-15  1.9176e-15
     1.2259    0.567791     0.28772    0.151458   0.0811229    0.043949    0.023927   0.0130818  0.00718128   0.0039621   0.0021964  0.00122201 0.000681682 0.000380797 0.000212648 0.000118491 6.57032e-05 3.61862e-05 1.97803e-05 1.07199e-05 5.76034e-06 3.06778e-06  1.6211e-06 8.50536e-07 4.43216e-07 2.29634e-07 1.18209e-07 6.04643e-08 3.07371e-08 1.55244e-08  7.7876e-09  3.8776e-09 1.91703e-09 9.41704e-10  4.5925e-10 2.22102e-10  1.0633e-10 5.02249e-11 2.34002e-11  1.0771e-11 4.89947e-12 2.20055e-12 9.75937e-13 4.26869e-13 1.83846e-13 7.78686e-14 3.23572e-14  1.3083e-14 4.87324e-15  1.1179e-15
    1.27072    0.592378    0.301878    0.159976    0.086317   0.0471272   0.0258496   0.0142261  0.00784783  0.00434187  0.00240895  0.00133899 0.000744789 0.000413945 0.000229451 0.000126607 6.93935e-05 3.77452e-05  2.0365e-05 1.08973e-05 5.78687e-06 3.04851e-06 1.59493e-06 8.29265e-07 4.28448e-07 2.20121e-07 1.12372e-07 5.69701e-08  2.8688e-08 1.43425e-08 7.11611e-09 3.50001e-09 1.70562e-09 8.24078e-10 3.94418e-10 1.86927e-10 8.76209e-11 4.04771e-11  1.8402e-11  8.2412e-12 3.63981e-12   1.586e-12 6.81706e-13 2.89205e-13  1.2091e-13 4.97231e-14 2.00441e-14 7.84803e-15 2.82808e-15 6.26652e-16
    1.31562    0.617266    0.316237    0.168604   0.0915619   0.0503204   0.0277692    0.015362  0.00850136  0.00470856  0.00261051  0.00144741 0.000801495 0.000442495 0.000243121 0.000132711 7.18795e-05 3.86293e-05 2.05933e-05 1.08952e-05 5.72605e-06 2.98764e-06 1.54904e-06 7.98525e-07 4.09031e-07  2.0826e-07 1.05337e-07 5.28649e-08 2.63214e-08 1.29947e-08 6.36017e-09 3.08173e-09 1.47634e-09 6.99635e-10 3.27767e-10 1.51818e-10 6.94823e-11 3.13158e-11 1.38705e-11 6.03975e-12 2.58969e-12 1.09456e-12 4.55809e-13 1.87261e-13 7.58535e-14 3.02323e-14 1.18131e-14 4.47986e-15  1.5616e-15 3.32692e-16
    1.36052    0.642372    0.330731    0.177291   0.0968163    0.053495   0.0296572   0.0164689  0.00913012  0.00505472  0.00279654  0.00154456 0.000850315 0.000465789 0.000253485 0.000136861 7.32849e-05 3.89483e-05 2.05415e-05 1.07588e-05 5.60155e-06 2.89691e-06 1.48888e-06  7.6077e-07  3.8615e-07 1.94672e-07 9.74298e-08 4.83271e-08 2.37452e-08 1.15497e-08 5.56205e-09  2.6482e-09 1.24425e-09  5.7712e-10 2.64171e-10 1.19377e-10 5.32308e-11 2.33559e-11 1.00622e-11 4.25697e-12 1.77192e-12 7.26438e-13 2.93084e-13 1.16488e-13 4.56329e-14 1.75875e-14 6.64771e-15  2.4383e-15 8.21404e-16 1.68469e-16
    1.40532      0.6676    0.345286     0.18599    0.102031   0.0566181   0.0314868   0.0175255  0.00972408  0.00537465  0.00296346  0.00162842 0.000890352 0.000483615 0.000260654 0.000139267  7.3793e-05 3.88249e-05 2.02799e-05 1.05248e-05 5.43116e-06 2.78436e-06 1.41811e-06 7.17718e-07  3.6064e-07 1.79808e-07 8.89101e-08 4.35132e-08 2.10589e-08 1.00718e-08 4.76189e-09 2.22299e-09 1.02244e-09 4.63342e-10  2.0688e-10 9.10672e-11 3.95076e-11 1.68542e-11 7.05535e-12 2.89782e-12 1.17019e-12 4.65102e-13 1.81759e-13 6.98677e-14 2.64378e-14  9.8358e-15 3.58855e-15  1.2705e-15 4.13172e-16 8.18225e-17
    1.44991    0.692862    0.359832     0.19466    0.107161   0.0596614   0.0332355   0.0185149   0.0102734  0.00566468  0.00310904  0.00169787 0.000921323 0.000496136 0.000264924 0.000140195 7.35886e-05 3.83663e-05 1.98638e-05 1.02199e-05 5.22732e-06 2.65562e-06 1.33946e-06 6.70778e-07  3.3328e-07 1.64148e-07  8.0071e-08 3.85945e-08 1.83646e-08 8.62159e-09 3.99404e-09 1.82455e-09 8.20201e-10 3.62637e-10 1.57705e-10 6.75288e-11 2.84729e-11 1.18013e-11 4.79733e-12 1.91177e-12 7.48341e-13 2.88067e-13 1.08947e-13  4.0477e-14 1.47783e-14 5.29836e-15 1.86135e-15 6.34037e-16 1.97901e-16 3.68594e-17
    1.49414    0.718093    0.374304    0.203268    0.112184   0.0626081   0.0348891   0.0194265   0.0107683  0.00592162  0.00323269  0.00175291 0.000943569   0.0005038 0.000266672 0.000139902 7.28198e-05 3.76505e-05 1.93312e-05 9.86141e-06 4.99827e-06 2.51491e-06 1.25517e-06 6.21232e-07 3.04823e-07 1.48121e-07 7.11734e-08 3.37368e-08 1.57613e-08  7.2525e-09 3.28607e-09 1.46611e-09 6.43195e-10 2.77124e-10 1.17256e-10 4.87843e-11 1.99722e-11 8.03705e-12 3.17106e-12 1.22541e-12 4.64497e-13 1.72921e-13 6.31886e-14 2.26564e-14 7.96804e-15 2.74754e-15 9.26968e-16 3.02665e-16 9.00366e-17 1.54116e-17
    1.53796    0.743174     0.38864    0.211734    0.117081    0.065435   0.0364456   0.0202568   0.0112038  0.00614144  0.00333445  0.00179458 0.000958063 0.000507282 0.000266311 0.000138604 7.15913e-05 3.67261e-05 1.87043e-05 9.45921e-06 4.74909e-06 2.36518e-06 1.16705e-06 5.70262e-07 2.75905e-07 1.32023e-07 6.23922e-08 2.90523e-08 1.33135e-08 5.99853e-09 2.65549e-09 1.15531e-09 4.93876e-10 2.07156e-10 8.52437e-11 3.44395e-11 1.36767e-11 5.33719e-12 2.04173e-12 7.64304e-13 2.80144e-13 1.00664e-13 3.54621e-14 1.22429e-14 4.13821e-15 1.36906e-15 4.42558e-16 1.38262e-16 3.92103e-17  6.3087e-18
    1.58124    0.767953    0.402708    0.219914    0.121848     0.06811   0.0379072   0.0210117   0.0115817  0.00632203  0.00341355    0.001824 0.000966031   0.0005074 0.000264283 0.000136509 6.99874e-05 3.56274e-05 1.79971e-05 9.01963e-06 4.48314e-06 2.20844e-06 1.07652e-06 5.18876e-07 2.47211e-07 1.16301e-07  5.3974e-08 2.46556e-08 1.10701e-08 4.87974e-09 2.10966e-09 8.94364e-10 3.72119e-10 1.51822e-10  6.0746e-11 2.38311e-11  9.1725e-12 3.46524e-12 1.28286e-12  4.6446e-13 1.64358e-13 5.68829e-14 1.92634e-14 6.38665e-15 2.07036e-15 6.55923e-16   2.028e-16  6.0565e-17 1.64446e-17  2.5748e-18
    1.62379    0.792574    0.416344    0.227786    0.126455   0.0706605   0.0392685   0.0216997   0.0119105  0.00646685  0.00347046  0.00184164 0.000968241   0.0005048 0.000260978 0.000133802 6.80822e-05 3.43822e-05  1.7221e-05 8.54921e-06 4.20435e-06 2.04705e-06 9.85101e-07 4.68066e-07 2.19419e-07 1.01383e-07 4.61413e-08 2.06471e-08 9.07122e-09 3.90851e-09 1.64933e-09 6.81368e-10 2.75849e-10 1.09384e-10 4.25116e-11 1.61851e-11 6.03385e-12 2.20345e-12 7.87668e-13 2.75242e-13 9.38977e-14 3.12585e-14 1.01572e-14 3.22707e-15 1.00169e-15 3.03645e-16 8.97159e-17 2.55674e-17 6.63423e-18 9.98116e-19
    1.66577    0.817137    0.429687    0.235399    0.130783   0.0731043    0.040537   0.0223173   0.0122008  0.00658407  0.00350933  0.00184897 0.000965288 0.000499804 0.000256575 0.000130579 6.59119e-05 3.30031e-05 1.63811e-05 8.05325e-06 3.91695e-06 1.88378e-06 8.94405e-07 4.18696e-07 1.93005e-07 8.75253e-08 3.90283e-08 1.70894e-08 7.33927e-09 3.08831e-09 1.27125e-09 5.11719e-10 2.01572e-10 7.76467e-11 2.92675e-11 1.07946e-11 3.89372e-12 1.37331e-12 4.73287e-13 1.59284e-13 5.23116e-14 1.67473e-14 5.22452e-15  1.5886e-15  4.7119e-16 1.36325e-16 3.84435e-17 1.04621e-17 2.59005e-18 3.63697e-19
    1.70733    0.841148    0.442817    0.242629    0.134812   0.0753182   0.0417342   0.0228799   0.0124535  0.00667987  0.00353598  0.00184939 0.000958588 0.000492922 0.000251261 0.000126932 6.35434e-05  3.1528e-05 1.54953e-05  7.5381e-06 3.62397e-06 1.72033e-06 8.05261e-07  3.7114e-07 1.68177e-07 7.48373e-08 3.26824e-08 1.39951e-08  5.8707e-09 2.41057e-09 9.67306e-10 3.79233e-10 1.45284e-10 5.43402e-11 1.98493e-11 7.08178e-12 2.46771e-12 8.39735e-13 2.78819e-13 9.02551e-14 2.84622e-14 8.73859e-15 2.61192e-15 7.60786e-16 2.15927e-16 5.97249e-17 1.60944e-17 4.19082e-18 9.94959e-19 1.33591e-19
    1.74836    0.864048    0.455623    0.249553    0.138507    0.077344   0.0428015   0.0234107   0.0126792  0.00675847  0.00355334  0.00184523 0.000949562 0.000484866 0.000245396  0.00012304 6.10819e-05   3.002e-05 1.45999e-05 7.02133e-06  3.3332e-06 1.56046e-06  7.1941e-07 3.26137e-07 1.45187e-07 6.33818e-08 2.71081e-08 1.13509e-08 4.64913e-09 1.86149e-09 7.27572e-10 2.77577e-10 1.03343e-10 3.75096e-11 1.32719e-11 4.57736e-12 1.53887e-12 5.04347e-13 1.61057e-13 5.00936e-14 1.51612e-14  4.4607e-15 1.27531e-15 3.55289e-16  9.6561e-17 2.56159e-17 6.64132e-18 1.67028e-18 3.83928e-19 4.91661e-20
    1.78882    0.886867    0.467961     0.25629     0.14199    0.079195   0.0437551   0.0238741   0.0128733  0.00682122  0.00356422  0.00183859 0.000939437 0.000476297 0.000239281 0.000119036 5.85763e-05 2.85033e-05 1.37099e-05 6.51381e-06 3.05162e-06 1.40814e-06 6.39042e-07 2.84781e-07 1.24455e-07 5.32658e-08  2.2305e-08 9.13233e-09 3.65214e-09 1.42571e-09 5.42578e-10 2.01251e-10  7.2738e-11  2.5594e-11 8.76473e-12 2.92004e-12 9.46456e-13 2.98484e-13 9.15634e-14 2.73327e-14    7.94e-15 2.24218e-15 6.15354e-16 1.64425e-16 4.29034e-17 1.09543e-17 2.74981e-18 6.76428e-19 1.54108e-19 2.03086e-20
    1.82842    0.910292    0.479704    0.262605    0.145412    0.080897   0.0446195   0.0242535   0.0130234  0.00686869  0.00356762  0.00182897  0.00092823 0.000467273 0.000232908 0.000114857 5.60081e-05 2.69844e-05 1.28398e-05 6.02512e-06 2.78454e-06 1.26598e-06 5.65345e-07 2.47596e-07 1.06192e-07 4.45418e-08 1.82541e-08 7.30486e-09 2.85166e-09 1.08526e-09 4.02082e-10 1.44943e-10 5.08237e-11 1.73213e-11 5.73566e-12 1.84449e-12 5.76103e-13 1.74778e-13 5.14941e-14 1.47492e-14 4.11164e-15 1.11491e-15 2.94232e-16 7.58754e-17 1.91957e-17 4.78517e-18 1.18398e-18 2.91008e-19 6.76998e-20 9.60547e-21
     1.8667    0.931838    0.491304     0.26851    0.148577   0.0825966   0.0454002    0.024573   0.0131498  0.00690328  0.00356262   0.0018143 0.000914497 0.000457114 0.000226134 0.000110557 5.34278e-05 2.54881e-05 1.19983e-05 5.56093e-06 2.53472e-06 1.13515e-06 4.98717e-07 2.14601e-07 9.03193e-08 3.71281e-08 1.48924e-08  5.8249e-09 2.21934e-09 8.23135e-10 2.96797e-10 1.03961e-10 3.53572e-11  1.1667e-11 3.73393e-12 1.15851e-12 3.48609e-13 1.01786e-13 2.88369e-14 7.94066e-15 2.13005e-15 5.56837e-16 1.42129e-16 3.56657e-17 8.85932e-18 2.19483e-18 5.48088e-19  1.3856e-19 3.39464e-20 5.28116e-21
    1.90288    0.952441    0.502901    0.274375    0.151517   0.0840249   0.0461239   0.0248513   0.0132526  0.00692908  0.00355315  0.00179722 0.000899393 0.000446256  0.00021914 0.000106288 5.09182e-05 2.40472e-05 1.11905e-05 5.11985e-06 2.30042e-06 1.01438e-06 4.38319e-07 1.85286e-07 7.65148e-08 3.08224e-08 1.21001e-08 4.62596e-09 1.72014e-09 6.21627e-10 2.18059e-10 7.42017e-11 2.44744e-11 7.81942e-12 2.41948e-12 7.24684e-13 2.10253e-13 5.91571e-14 1.61504e-14 4.28908e-15 1.11223e-15 2.82254e-16 7.03922e-17 1.74206e-17 4.32389e-18 1.08852e-18 2.81428e-19 7.49388e-20 1.95894e-20  3.2793e-21
    1.93781    0.973836    0.514104     0.28015    0.154345   0.0852653   0.0467483   0.0250934   0.0133202  0.00694067  0.00354126  0.00178001 0.000884421 0.000435525 0.000212183 0.000102037 4.84235e-05 2.26313e-05 1.04093e-05  4.7042e-06 2.08441e-06 9.05083e-07 3.84651e-07 1.59723e-07 6.47172e-08 2.55468e-08 9.81426e-09 3.66623e-09 1.33013e-09   4.683e-10 1.59786e-10 5.28145e-11 1.68952e-11 5.22729e-12 1.56438e-12 4.52736e-13 1.26834e-13 3.44625e-14 9.09497e-15 2.33985e-15 5.90206e-16 1.46715e-16 3.62236e-17 9.00685e-18 2.28511e-18 5.98661e-19 1.63368e-19 4.62083e-20 1.28274e-20 2.29292e-21
    1.97238    0.993381    0.525061    0.285727    0.157086   0.0865668   0.0472939   0.0253064   0.0133667  0.00693541  0.00352429  0.00176155 0.000869243 0.000424852 0.000205347 9.78997e-05 4.59953e-05 2.12628e-05 9.66219e-06 4.31414e-06 1.88646e-06 8.07062e-07 3.37452e-07 1.37673e-07 5.47397e-08 2.11763e-08 7.96113e-09 2.90563e-09 1.02839e-09 3.52697e-10 1.17032e-10  3.7571e-11 1.16583e-11 3.49479e-12 1.01262e-12  2.8359e-13 7.68806e-14 2.02359e-14 5.18603e-15 1.30145e-15  3.2256e-16 7.96269e-17 1.98051e-17 5.04416e-18 1.33211e-18 3.67639e-19 1.06149e-19 3.16647e-20 9.20925e-21 1.72442e-21
    2.00602     1.01153    0.535901    0.291244    0.159761   0.0877698   0.0478047    0.025488    0.013403  0.00692236  0.00350291  0.00174109 0.000853398 0.000414036 0.000198563 9.38648e-05 4.36859e-05 1.99832e-05 8.97304e-06 3.95508e-06 1.70608e-06 7.19164e-07   2.959e-07 1.18641e-07 4.63009e-08 1.75573e-08  6.4607e-09 2.30418e-09 7.95635e-10 2.65824e-10 8.57845e-11 2.67524e-11 8.05465e-12 2.34076e-12 6.57423e-13 1.78495e-13  4.6959e-14 1.20237e-14 3.01067e-15 7.43614e-16 1.83344e-16 4.56349e-17 1.16205e-17 3.07312e-18 8.50783e-19 2.46812e-19 7.46564e-20 2.31855e-20 6.97275e-21 1.34883e-21
    2.03884     1.02951    0.545886    0.296533    0.162357    0.088945   0.0483276    0.025663   0.0134326  0.00690515  0.00347645  0.00171855 0.000836979 0.000403135 0.000191806 8.98561e-05 4.14353e-05 1.87708e-05 8.33871e-06 3.62873e-06 1.54414e-06  6.4142e-07 2.59762e-07  1.0239e-07 3.92325e-08 1.45872e-08 5.25565e-09  1.8322e-09 6.17455e-10 2.01053e-10 6.31365e-11 1.91398e-11 5.59629e-12 1.57842e-12  4.3035e-13 1.13529e-13 2.90892e-14 7.28613e-15 1.79691e-15  4.4156e-16 1.09739e-16 2.79364e-17  7.3721e-18 2.03855e-18 5.91334e-19 1.79034e-19 5.61461e-20 1.79676e-20 5.54044e-21 1.10262e-21
    2.07068     1.04616    0.554792    0.301401    0.164956   0.0901373   0.0488852    0.025865   0.0134654  0.00689066  0.00344967   0.0016955 0.000820272 0.000392138 0.000185097 8.59724e-05 3.92605e-05 1.76136e-05 7.74666e-06 3.33061e-06 1.39866e-06 5.72708e-07 2.28371e-07 8.85296e-08 3.33205e-08 1.21538e-08 4.28953e-09 1.46243e-09 4.81246e-10 1.52822e-10 4.67427e-11 1.37916e-11 3.92245e-12 1.07597e-12 2.85555e-13 7.34657e-14 1.84274e-14 4.54745e-15 1.11538e-15 2.76015e-16 7.00607e-17 1.84528e-17 5.07865e-18 1.46737e-18 4.43182e-19 1.38787e-19 4.46891e-20 1.45901e-20  4.5666e-21 9.18811e-22
    2.10193     1.06186    0.563381    0.305974    0.167505   0.0912583    0.049445   0.0260896   0.0135198  0.00688424  0.00342805  0.00167459 0.000804434 0.000381536 0.000178595 8.22515e-05 3.72038e-05 1.65218e-05 7.19012e-06  3.0553e-06  1.2666e-06  5.1144e-07 2.00891e-07 7.66274e-08 2.83442e-08 1.01487e-08 3.51205e-09 1.17236e-09 3.77177e-10 1.16945e-10 3.48861e-11  1.0034e-11 2.78116e-12 7.43909e-13 1.92873e-13 4.86333e-14 1.20222e-14 2.94897e-15 7.27465e-16 1.83565e-16 4.81064e-17 1.31846e-17 3.77954e-18 1.13351e-18  3.5337e-19 1.13532e-19 3.72619e-20 1.23145e-20 3.88277e-21 7.89657e-22
    2.13296     1.07794     0.57191    0.310491    0.169925   0.0923835   0.0499682   0.0263096   0.0135866  0.00688517  0.00341145  0.00165644 0.000790291  0.00037188 0.000172552  7.8736e-05 3.52761e-05 1.55032e-05 6.67204e-06 2.80227e-06 1.14702e-06 4.56855e-07 1.76833e-07 6.64008e-08 2.41486e-08 8.49108e-09 2.88344e-09 9.43694e-10 2.97346e-10 9.01822e-11 2.62937e-11 7.38821e-12 2.00107e-12   5.237e-13 1.33228e-13 3.31197e-14 8.13278e-15 2.00267e-15 5.02374e-16 1.30552e-16 3.55232e-17 1.01257e-17 3.00546e-18 9.29024e-19 2.97092e-19 9.74651e-20 3.24663e-20 1.08069e-20 3.42046e-21 7.05818e-22
     2.1635     1.09472     0.58056    0.314934    0.172267   0.0935115   0.0504515   0.0265065    0.013644   0.0068842  0.00339409  0.00163853 0.000776646 0.000362606 0.000166766 7.53997e-05 3.34483e-05 1.45445e-05 6.18877e-06 2.56943e-06 1.03863e-06 4.08132e-07 1.55698e-07 5.75713e-08 2.05942e-08 7.11462e-09 2.37169e-09  7.6152e-10 2.35272e-10 6.99208e-11 1.99717e-11 5.49777e-12  1.4602e-12 3.75569e-13  9.4251e-14 2.32604e-14  5.7226e-15 1.42768e-15 3.67117e-16 9.87124e-17 2.79025e-17 8.24238e-18 2.51897e-18 7.98263e-19 2.60652e-19 8.69849e-20 2.92856e-20 9.76562e-21 3.08973e-21 6.42989e-22
    2.19341     1.11159    0.589432    0.319385    0.174642   0.0946211   0.0509029   0.0266737   0.0136807  0.00687255  0.00337136  0.00161825 0.000762014 0.000352984 0.000160899  7.2092e-05 3.16611e-05 1.36192e-05 5.72853e-06 2.35027e-06 9.38099e-07 3.63672e-07 1.36724e-07 4.97747e-08 1.75155e-08 5.94742e-09  1.9468e-09 6.13457e-10 1.85927e-10 5.41961e-11 1.51897e-11 4.10615e-12 1.07294e-12 2.72397e-13 6.78211e-14 1.67411e-14 4.16341e-15 1.06174e-15 2.81724e-16 7.85545e-17 2.30154e-17 7.01213e-18 2.19389e-18 7.05803e-19 2.32849e-19 7.82283e-20 2.64796e-20  8.8641e-21 2.81816e-21 5.99114e-22
    2.22194      1.1275    0.597952    0.323719    0.176961   0.0957211   0.0513366   0.0268228   0.0137047  0.00685456  0.00334585  0.00159656 0.000746814 0.000343296 0.000155109 6.88427e-05 2.99295e-05  1.2735e-05 5.29459e-06 2.14555e-06  8.4522e-07 3.23141e-07 1.19687e-07 4.28833e-08 1.48387e-08 4.95055e-09 1.59094e-09 4.91932e-10 1.46259e-10 4.18269e-11 1.15102e-11  3.0593e-12 7.88182e-13   1.982e-13 4.92145e-14 1.22333e-14 3.09947e-15 8.14189e-16 2.24112e-16 6.48762e-17 1.96409e-17 6.14229e-18 1.95798e-18 6.31592e-19 2.07658e-19 6.92852e-20 2.34253e-20 7.91421e-21 2.55382e-21 5.61112e-22
    2.24909     1.14231    0.605806    0.327734    0.179017   0.0967622   0.0517665   0.0269726   0.0137313  0.00683944  0.00332268  0.00157638 0.000732507 0.000334246 0.000149773 6.58598e-05 2.83464e-05 1.19318e-05 4.90366e-06 1.96266e-06 7.62981e-07 2.87609e-07 1.04939e-07 3.70034e-08 1.25892e-08 4.12594e-09 1.30153e-09 3.94837e-10 1.15151e-10 3.23131e-11 8.73516e-12 2.28602e-12 5.82105e-13 1.45525e-13 3.62287e-14 9.12893e-15 2.37174e-15 6.44311e-16 1.83947e-16 5.50798e-17 1.71467e-17 5.47709e-18 1.77495e-18 5.76039e-19 1.89284e-19 6.29152e-20 2.12123e-20 7.19664e-21 2.34928e-21 5.30914e-22
    2.27572     1.15607    0.613255    0.331559    0.180892    0.097696   0.0521997   0.0271332   0.0137651  0.00682908  0.00330296  0.00155873 0.000719849 0.000326163 0.000144986 6.31896e-05 2.69362e-05 1.12201e-05 4.55963e-06 1.80317e-06 6.91972e-07 2.57255e-07 9.25021e-08 3.21173e-08 1.07505e-08 3.46393e-09 1.07346e-09 3.19788e-10 9.15862e-11 2.52548e-11 6.71944e-12 1.73606e-12  4.3861e-13 1.09601e-13 2.75487e-14 7.09014e-15 1.90003e-15 5.34853e-16 1.57999e-16 4.86263e-17 1.54296e-17 4.99327e-18 1.63418e-18 5.37982e-19 1.78868e-19 6.00593e-20 2.03592e-20 6.91855e-21 2.27115e-21 5.24159e-22
    2.30219     1.16996    0.620606    0.335143    0.182754   0.0985661    0.052599   0.0273031   0.0138048  0.00682264  0.00328601  0.00154308 0.000708606 0.000318935 0.000140656 6.07678e-05 2.56637e-05 1.05827e-05 4.25419e-06 1.66293e-06 6.30242e-07 2.31187e-07 8.19574e-08 2.80335e-08 9.23781e-09 2.92864e-09 8.92524e-10 2.61421e-10 7.36329e-11 1.99898e-11 5.24816e-12 1.34284e-12 3.38003e-13 8.48621e-14  2.1652e-14 5.71363e-15 1.58173e-15 4.61085e-16 1.40579e-16 4.43048e-17  1.4259e-17 4.65433e-18 1.53181e-18 5.08673e-19 1.70583e-19 5.77166e-20 1.96828e-20 6.72167e-21 2.22184e-21 5.20013e-22
     2.3284     1.18494    0.628008    0.338622    0.184608   0.0994516   0.0529699   0.0274613   0.0138435   0.0068191  0.00327216  0.00152937 0.000698598 0.000312488 0.000136794 5.86071e-05 2.45301e-05 1.00171e-05  3.9846e-06 1.54007e-06 5.76687e-07 2.08831e-07 7.30194e-08 2.46148e-08 7.98916e-09 2.49357e-09  7.4799e-10 2.15671e-10 5.98397e-11 1.60274e-11 4.16356e-12 1.05883e-12  2.6674e-13 6.76322e-14 1.75962e-14 4.77311e-15 1.36231e-15 4.08307e-16 1.27258e-16 4.07993e-17 1.33205e-17 4.39774e-18 1.46191e-18 4.88616e-19 1.64699e-19 5.59297e-20 1.91059e-20 6.52982e-21 2.16112e-21 5.01862e-22
    2.35401     1.19983    0.635236    0.342221    0.186366    0.100342   0.0533549   0.0276103   0.0138795   0.0068155  0.00325917  0.00151649 0.000689171 0.000306593 0.000133377 5.66926e-05  2.3526e-05  9.5171e-06 3.74717e-06 1.43262e-06 5.30266e-07  1.8966e-07 6.54466e-08  2.1756e-08 6.95967e-09 2.14028e-09 6.32516e-10 1.79744e-10 4.92056e-11 1.30316e-11 3.35963e-12 8.52332e-13 2.15816e-13 5.54998e-14 1.47738e-14 4.12481e-15 1.21157e-15  3.7161e-16 1.17684e-16 3.81232e-17 1.25457e-17 4.17024e-18 1.39513e-18 4.69413e-19 1.59057e-19 5.42609e-20  1.8589e-20 6.35659e-21 2.10301e-21 4.86706e-22
    2.37992     1.21499    0.642394    0.345654    0.188047    0.101185   0.0537264   0.0277736    0.013924  0.00681475  0.00324713  0.00150446 0.000680349 0.000301102 0.000130246 5.49599e-05 2.26221e-05 9.06994e-06 3.53639e-06 1.33794e-06 4.89712e-07 1.73076e-07 5.89705e-08 1.93431e-08 6.10344e-09 1.85094e-09 5.39526e-10 1.51324e-10 4.09441e-11 1.07453e-11 2.75663e-12 7.00309e-13 1.78983e-13 4.68521e-14 1.27772e-14 3.66475e-15 1.10368e-15 3.45387e-16 1.10985e-16 3.62991e-17 1.20151e-17 4.01013e-18 1.34568e-18 4.53868e-19 1.54108e-19 5.26443e-20 1.80725e-20 6.20231e-21 2.05974e-21  4.7943e-22
    2.40685     1.23089    0.649762    0.349022    0.189589    0.101987   0.0540768   0.0279358   0.0139728  0.00681755  0.00323836  0.00149469 0.000672867 0.000296245 0.000127376 5.33808e-05 2.18035e-05 8.66784e-06 3.34834e-06 1.25419e-06 4.54169e-07 1.58682e-07 5.34109e-08 1.72969e-08 5.38714e-09 1.61245e-09 4.64095e-10 1.28659e-10 3.44704e-11 8.98507e-12 2.30021e-12 5.86921e-13  1.5181e-13  4.0519e-14 1.13294e-14 3.33538e-15 1.02632e-15 3.25732e-16 1.05542e-16 3.47253e-17 1.15731e-17 3.88823e-18 1.31304e-18 4.43801e-19 1.50821e-19 5.15296e-20 1.76987e-20 6.08366e-21 2.02311e-21 4.70363e-22
    2.43391     1.24608    0.657608    0.352419    0.191053    0.102718   0.0543853   0.0280926    0.014024  0.00682377  0.00323222  0.00148659 0.000666343 0.000291926 0.000124806 5.19654e-05 2.10717e-05 8.31095e-06 3.18298e-06  1.1812e-06 4.23466e-07 1.46353e-07 4.86971e-08 1.55823e-08 4.79387e-09 1.41737e-09 4.03223e-10  1.1063e-10 2.93995e-11 7.62822e-12 1.95391e-12 5.02028e-13 1.31664e-13 3.58328e-14 1.02435e-14 3.07995e-15 9.64246e-16  3.0985e-16 1.01198e-16 3.34535e-17 1.11831e-17 3.76685e-18 1.27512e-18 4.32734e-19 1.47586e-19 5.05967e-20 1.74142e-20 5.98793e-21 1.99057e-21 4.60878e-22
    2.46054     1.26046    0.665829     0.35565    0.192558    0.103318   0.0546457   0.0282312   0.0140724  0.00682993  0.00322784  0.00148028 0.000660803 0.000288138  0.00012252 5.07003e-05 2.04185e-05 7.99412e-06 3.03744e-06 1.11751e-06 3.96893e-07 1.35766e-07 4.46872e-08 1.41396e-08 4.30061e-09 1.25726e-09 3.53915e-10 9.62229e-11 2.54056e-11  6.5754e-12   1.689e-12 4.38026e-13 1.16676e-13 3.23721e-14 9.43225e-15  2.8823e-15 9.14248e-16 2.96879e-16  9.7706e-17 3.24406e-17 1.08569e-17 3.65706e-18  1.2373e-18  4.2108e-19 1.44104e-19 4.95787e-20 1.71005e-20 5.87826e-21 1.95019e-21 4.46596e-22
    2.48675     1.27498    0.673963    0.359296    0.194091    0.103893   0.0548842    0.028326   0.0141119  0.00683397  0.00322427   0.0014754 0.000656224 0.000284873 0.000120507 4.95755e-05 1.98369e-05 7.71196e-06 2.90799e-06 1.06098e-06 3.73511e-07  1.2658e-07 4.12514e-08  1.2919e-08 3.88879e-09 1.12545e-09 3.13874e-10 8.46828e-11 2.22503e-11 5.75461e-12 1.48498e-12 3.89272e-13 1.05343e-13 2.97614e-14 8.81823e-15 2.73107e-15 8.75394e-16 2.86636e-16 9.49127e-17 3.16367e-17 1.06071e-17 3.57604e-18 1.21011e-18 4.11748e-19 1.40903e-19 4.84634e-20 1.67096e-20 5.73971e-21 1.89955e-21 4.30212e-22
    2.51163     1.28891    0.681964      0.3636     0.19574    0.104575   0.0550978   0.0283969    0.014142  0.00683757  0.00322059  0.00147049 0.000651966 0.000281823 0.000118631 4.85778e-05 1.93187e-05 7.46055e-06 2.79308e-06 1.01103e-06 3.53005e-07 1.18624e-07 3.83138e-08 1.18885e-08 3.54547e-09 1.01698e-09 2.81366e-10 7.54442e-11 1.97595e-11 5.11525e-12 1.32803e-12 3.52133e-13 9.67643e-14  2.7788e-14 8.35237e-15 2.61495e-15 8.44983e-16 2.78455e-16 9.26457e-17  3.0982e-17  1.0406e-17 3.51146e-18 1.18868e-18 4.04182e-19 1.38197e-19 4.74756e-20 1.63502e-20 5.61052e-21 1.85245e-21 4.15927e-22
    2.53546     1.30231    0.690105    0.368169    0.197519    0.105385   0.0553223   0.0284779   0.0141606  0.00683578  0.00321486  0.00146508 0.000647907 0.000279072 0.000116964 4.77215e-05 1.88722e-05 7.24241e-06 2.69334e-06 9.67991e-07 3.35419e-07  1.1182e-07  3.5817e-08 1.10195e-08 3.25871e-09 9.27322e-10 2.54815e-10 6.79948e-11 1.77766e-11 4.61238e-12 1.20587e-12 3.23469e-13 9.01743e-14 2.62774e-14 7.99943e-15 2.52828e-15 8.22154e-16 2.72036e-16 9.07473e-17 3.03925e-17 1.02132e-17 3.44573e-18  1.1658e-18 3.96529e-19 1.35602e-19 4.65757e-20 1.60196e-20 5.48241e-21 1.80279e-21 3.99544e-22
     2.5596     1.31549    0.698209    0.372682    0.199512    0.106341   0.0556022   0.0285568    0.014177  0.00682919  0.00320654  0.00145883 0.000643899 0.000276725 0.000115628 4.69951e-05 1.84913e-05  7.0546e-06 2.60709e-06 9.30802e-07 3.20269e-07  1.0598e-07  3.3689e-08 1.02858e-08 3.01903e-09 8.53198e-10 2.33125e-10 6.19861e-11 1.61975e-11 4.21664e-12 1.11077e-12 3.01341e-13 8.51108e-14 2.51206e-14 7.73211e-15 2.46375e-15 8.05146e-16  2.6708e-16 8.92062e-17  2.9888e-17 1.00401e-17 3.38398e-18 1.14337e-18 3.88828e-19 1.32932e-19 4.56318e-20 1.56715e-20 5.34879e-21  1.7518e-21 3.84003e-22
     2.5824     1.32778    0.705276    0.377028     0.20156    0.107414   0.0560063   0.0286518   0.0142015  0.00682273   0.0031963  0.00145144 0.000639526 0.000274411 0.000114415 4.63365e-05 1.81642e-05 6.89569e-06 2.53395e-06  8.9911e-07 3.07336e-07 1.00998e-07 3.18827e-08 9.66788e-09 2.81923e-09 7.92097e-10 2.15464e-10 5.71578e-11  1.4945e-11 3.90643e-12 1.03702e-12   2.844e-13 8.12886e-14 2.42611e-14 7.53755e-15 2.41805e-15 7.93402e-16 2.63691e-16 8.81486e-17 2.95428e-17 9.92327e-18 3.34263e-18 1.12813e-18 3.82607e-19  1.3042e-19 4.46218e-20 1.52905e-20 5.21513e-21 1.70574e-21 3.72511e-22
    2.60227     1.33988    0.711255    0.381157    0.203548    0.108477   0.0565382   0.0288199   0.0142522  0.00682568  0.00318707  0.00144375 0.000634871 0.000271889 0.000113108 4.56705e-05 1.78629e-05 6.75773e-06 2.47191e-06 8.72402e-07  2.9646e-07 9.68056e-08 3.03615e-08 9.14837e-09 2.65231e-09  7.4151e-10 2.01009e-10  5.3256e-11 1.39461e-11 3.66209e-12 9.79552e-13 2.71397e-13 7.84116e-14  2.3629e-14 7.39801e-15  2.3862e-15 7.85583e-16 2.61584e-16 8.75345e-17 2.93474e-17 9.85434e-18 3.31711e-18  1.1183e-18 3.77935e-19 1.28293e-19 4.36947e-20 1.49323e-20 5.09405e-21 1.66646e-21 3.63858e-22
    2.62013     1.35175    0.716937    0.384868    0.205623    0.109463   0.0571162   0.0290375   0.0143493  0.00684879  0.00318421  0.00143812 0.000630754 0.000269362 0.000111743  4.4996e-05 1.75614e-05 6.62567e-06 2.41539e-06  8.4886e-07 2.87129e-07 9.32941e-08 2.90972e-08 8.71739e-09 2.51439e-09 6.99982e-10 1.89246e-10 5.01149e-11 1.31516e-11 3.47008e-12  9.3484e-13 2.61407e-13 7.62223e-14 2.31534e-14 7.29586e-15 2.36363e-15 7.80326e-16 2.60283e-16 8.71938e-17  2.9236e-17 9.80565e-18 3.29604e-18  1.1095e-18 3.74327e-19  1.2676e-19  4.3047e-20 1.46816e-20 5.00806e-21 1.63866e-21  3.5823e-22
    2.63617     1.36166     0.72246    0.388251    0.207587    0.110381   0.0576797   0.0292705   0.0144821  0.00689606  0.00319434  0.00143787 0.000628402 0.000267321 0.000110501 4.43437e-05 1.72548e-05 6.49084e-06 2.35908e-06  8.2629e-07 2.78564e-07 9.02417e-08 2.80374e-08 8.36407e-09 2.40288e-09 6.66858e-10 1.79968e-10 4.76682e-11 1.25433e-11 3.32625e-12 9.02231e-13 2.54281e-13 7.46857e-14  2.2823e-14 7.22606e-15 2.34769e-15 7.76153e-16 2.59009e-16 8.67583e-17 2.90844e-17 9.75273e-18 3.27721e-18 1.10274e-18 3.71804e-19 1.25748e-19 4.26285e-20 1.45198e-20 4.95238e-21 1.62055e-21 3.54517e-22
    2.64971     1.36899    0.727652     0.39121    0.209226    0.111199   0.0581814   0.0295287   0.0146188   0.0069564  0.00321774  0.00144454 0.000628897 0.000266533 0.000109797 4.38561e-05 1.69899e-05 6.36572e-06  2.3049e-06 8.04531e-07 2.70343e-07 8.73449e-08 2.70612e-08  8.0493e-09 2.30664e-09 6.39141e-10 1.72422e-10 4.57385e-11 1.20835e-11 3.22448e-12 8.81702e-13 2.50327e-13 7.39951e-14 2.27236e-14 7.21911e-15 2.34894e-15  7.7592e-16 2.58266e-16 8.62502e-17 2.88756e-17 9.69406e-18 3.26178e-18 1.09892e-18 3.70116e-19 1.24954e-19 4.22635e-20 1.43725e-20 4.90082e-21 1.60248e-21 3.49094e-22
    2.66003     1.37471    0.731799    0.393362    0.210513    0.111891   0.0585923   0.0297621   0.0147433  0.00701588  0.00324526  0.00145543 0.000632122 0.000267296 0.000109892 4.37329e-05  1.6861e-05 6.28642e-06 2.26488e-06 7.86532e-07 2.63026e-07 8.46138e-08 2.61258e-08 7.74854e-09 2.21614e-09 6.13576e-10 1.65615e-10 4.40372e-11 1.16872e-11  3.1396e-12 8.65794e-13 2.47767e-13 7.37506e-14 2.27821e-14 7.27077e-15 2.37261e-15 7.83601e-16 2.60071e-16  8.6565e-17 2.89188e-17 9.70674e-18 3.26629e-18  1.1005e-18 3.69923e-19 1.24553e-19 4.19981e-20 1.42509e-20  4.8545e-21 1.58379e-21 3.42206e-22
    2.66534     1.37869    0.734017    0.394718    0.211338    0.112316   0.0588949   0.0299412   0.0148389  0.00706623  0.00326783  0.00146591 0.000636398 0.000268769 0.000110378 4.38897e-05  1.6872e-05 6.26784e-06 2.24924e-06 7.77374e-07 2.58687e-07 8.28117e-08 2.54597e-08 7.52172e-09  2.1435e-09 5.91909e-10 1.59564e-10 4.24414e-11  1.1294e-11 3.04999e-12 8.46555e-13 2.44078e-13 7.31517e-14 2.27276e-14 7.28164e-15 2.38181e-15 7.87684e-16 2.61579e-16 8.71026e-17 2.90949e-17 9.75699e-18 3.28032e-18 1.10445e-18 3.71531e-19 1.25164e-19 4.22232e-20 1.43279e-20 4.87641e-21  1.5882e-21 3.43881e-22
      2.668     1.37919    0.733826    0.395241     0.21161    0.112467   0.0590405   0.0300551   0.0148881  0.00709545  0.00328067  0.00147253 0.000639643 0.000269944 0.000110799 4.40442e-05 1.69087e-05 6.27122e-06 2.24682e-06 7.75556e-07 2.57571e-07 8.22321e-08 2.52101e-08 7.42785e-09 2.11056e-09 5.81592e-10 1.56635e-10 4.16825e-11 1.11214e-11 3.01817e-12 8.42619e-13 2.43994e-13  7.3359e-14 2.27434e-14 7.22901e-15 2.34922e-15 7.75673e-16 2.58204e-16 8.62124e-17 2.88602e-17 9.68671e-18 3.25952e-18 1.09872e-18 3.71075e-19 1.25566e-19  4.2561e-20 1.44938e-20 4.93577e-21 1.60647e-21 3.49084e-22
    2.67911     1.37957    0.730939    0.394404    0.211233    0.112292   0.0589723   0.0300379    0.014878  0.00709454  0.00328132   0.0014737 0.000640375 0.000270182  0.00011088 4.40159e-05 1.68971e-05 6.26262e-06 2.24117e-06 7.73172e-07 2.56643e-07 8.18909e-08  2.5108e-08 7.40361e-09 2.10534e-09 5.81031e-10 1.56794e-10 4.18469e-11 1.12169e-11 3.06347e-12  8.6141e-13 2.50582e-13 7.55743e-14 2.34023e-14 7.39473e-15 2.39046e-15 7.87737e-16 2.62534e-16 8.78585e-17  2.9482e-17 9.91504e-18 3.34248e-18 1.12886e-18 3.82154e-19 1.29638e-19 4.40448e-20 1.49457e-20 5.03933e-21 1.62533e-21 3.49265e-22
    2.70183     1.38687    0.730456    0.393448    0.210368    0.111644   0.0585921   0.0298368   0.0147899  0.00705557  0.00326426  0.00146667 0.000637283 0.000268789  0.00011026 4.37246e-05 1.67899e-05 6.22044e-06 2.22347e-06 7.66203e-07 2.54099e-07 8.10389e-08 2.48593e-08 7.34164e-09  2.0906e-09 5.78006e-10 1.56374e-10 4.18787e-11 1.12775e-11 3.09841e-12 8.77122e-13 2.56847e-13 7.78856e-14 2.42509e-14 7.70301e-15 2.49754e-15 8.23947e-16 2.74782e-16 9.20912e-17 3.09528e-17 1.04242e-17 3.51795e-18 1.18924e-18 4.02756e-19 1.36634e-19 4.64084e-20 1.56787e-20 5.24059e-21 1.67821e-21 3.62041e-22
    2.72946     1.40129    0.735989    0.394958    0.210399    0.111312   0.0582832   0.0296416   0.0146911  0.00700485   0.0032387  0.00145439 0.000631535 0.000266127 0.000109057  4.3211e-05 1.65755e-05 6.13368e-06 2.18941e-06  7.5366e-07 2.49681e-07 7.95488e-08  2.4389e-08 7.20336e-09 2.05214e-09 5.67923e-10 1.53963e-10  4.1366e-11 1.11799e-11 3.08244e-12 8.75942e-13 2.57521e-13 7.83375e-14 2.44649e-14 7.79225e-15 2.52999e-15 8.34952e-16  2.7848e-16 9.33762e-17 3.14026e-17 1.05791e-17  3.5705e-18 1.20698e-18 4.08706e-19   1.386e-19 4.70458e-20 1.59029e-20 5.32327e-21 1.70528e-21 3.67324e-22
    2.75889     1.41898    0.744893    0.399184    0.212229    0.112004   0.0585122   0.0297068   0.0147028  0.00700282  0.00323418  0.00145071 0.000629268 0.000264861 0.000108396 4.28971e-05 1.64338e-05 6.07365e-06 2.16524e-06 7.44394e-07 2.46328e-07  7.8405e-08 2.40202e-08 7.09184e-09 2.02092e-09 5.59768e-10 1.51985e-10 4.09288e-11 1.10935e-11 3.06834e-12 8.74896e-13 2.57997e-13 7.86663e-14 2.46167e-14 7.85223e-15 2.55052e-15 8.41374e-16 2.80429e-16 9.39844e-17 3.15966e-17 1.06407e-17 3.58928e-18 1.21254e-18 4.10256e-19 1.38981e-19 4.71175e-20 1.59189e-20 5.32776e-21 1.70362e-21 3.63029e-22
    2.78895     1.43812     0.75533    0.404855     0.21523    0.113496   0.0592227   0.0300388   0.0148532  0.00707027  0.00326283  0.00146234 0.000633836 0.000266548 0.000108974  4.3087e-05 1.64901e-05 6.08886e-06  2.1686e-06 7.44811e-07 2.46255e-07 7.83287e-08  2.3985e-08 7.08056e-09 2.01844e-09 5.59554e-10 1.52133e-10  4.1048e-11 1.11517e-11 3.09209e-12 8.83873e-13  2.6123e-13  7.9777e-14 2.49965e-14 7.98081e-15 2.59233e-15 8.54644e-16 2.84639e-16 9.53406e-17 3.20397e-17 1.07859e-17 3.63627e-18 1.22763e-18 4.15018e-19 1.40443e-19 4.75549e-20 1.60558e-20 5.37141e-21 1.71504e-21 3.63806e-22
    2.81916     1.45803    0.766492    0.411183    0.218799    0.115424   0.0602236   0.0305423    0.015095  0.00718318   0.0033127  0.00148336 0.000642353 0.000269803 0.000110139 4.34823e-05 1.66126e-05 6.12387e-06  2.1774e-06  7.4662e-07 2.46499e-07 7.83136e-08 2.39586e-08  7.0688e-09 2.01499e-09 5.58797e-10 1.52054e-10 4.10808e-11 1.11794e-11 3.10574e-12 8.89471e-13 2.63369e-13 8.05388e-14 2.52633e-14 8.07303e-15 2.62284e-15 8.64428e-16 2.87766e-16 9.63589e-17 3.23748e-17 1.08958e-17 3.67194e-18 1.23914e-18  4.1865e-19 1.41558e-19 4.78886e-20 1.61594e-20 5.40355e-21 1.72281e-21 3.63794e-22
    2.84924     1.47843    0.778065    0.417837    0.222627    0.117546   0.0613526   0.0311164   0.0153673  0.00730525  0.00336337  0.00150307 0.000649597 0.000272265 0.000110893 4.36838e-05 1.66527e-05 6.12594e-06 2.17374e-06 7.44068e-07 2.45292e-07 7.78418e-08 2.37974e-08  7.0192e-09 2.00164e-09 5.55584e-10 1.51394e-10 4.09814e-11 1.11775e-11 3.11275e-12 8.93645e-13 2.65174e-13 8.12349e-14 2.55198e-14  8.1645e-15 2.65432e-15 8.74909e-16 2.91218e-16  9.7514e-17 3.27625e-17 1.10245e-17 3.71433e-18 1.25304e-18 4.23087e-19 1.42943e-19 4.83146e-20 1.62922e-20 5.44425e-21 1.73343e-21 3.65258e-22
    2.87892     1.49912    0.789905    0.424671    0.226561    0.119718    0.062478   0.0316575   0.0155995  0.00739535   0.0033943  0.00151238 0.000651949  0.00027264 0.000110828 4.35886e-05 1.65958e-05 6.09884e-06 2.16226e-06 7.39693e-07 2.43745e-07 7.73367e-08 2.36442e-08 6.97647e-09 1.99094e-09  5.5324e-10 1.50977e-10 4.09434e-11   1.119e-11  3.1227e-12 8.98348e-13 2.67038e-13 8.19232e-14  2.5767e-14 8.25139e-15 2.68408e-15 8.84866e-16 2.94534e-16 9.86346e-17 3.31429e-17 1.11528e-17 3.75743e-18 1.26749e-18 4.27799e-19 1.44458e-19 4.87982e-20 1.64472e-20  5.4928e-21 1.74726e-21 3.68578e-22
    2.90798        1.52    0.801907    0.431533     0.23039    0.121724   0.0634316   0.0320618   0.0157419  0.00743536  0.00340123   0.0015115   0.0006504 0.000271676 0.000110357 4.33896e-05 1.65188e-05 6.07084e-06 2.15261e-06 7.36457e-07 2.42713e-07 7.70223e-08 2.35525e-08 6.95167e-09 1.98488e-09 5.51959e-10 1.50777e-10 4.09401e-11 1.12051e-11 3.13171e-12 9.02284e-13 2.68577e-13 8.24888e-14 2.59703e-14 8.32347e-15 2.70905e-15 8.93326e-16 2.97392e-16 9.96131e-17 3.34788e-17 1.12673e-17 3.79638e-18 1.28071e-18 4.32176e-19 1.45891e-19 4.92662e-20 1.65996e-20 5.54129e-21 1.76174e-21 3.73186e-22
    2.93609     1.54092    0.813512    0.437807    0.233623     0.12326   0.0640795   0.0322984    0.015807  0.00744361  0.00339636  0.00150663 0.000647671 0.000270458 0.000109884 4.32264e-05 1.64659e-05 6.05456e-06 2.14778e-06  7.3489e-07 2.42217e-07 7.68637e-08 2.35033e-08 6.93744e-09 1.98124e-09 5.51152e-10 1.50648e-10 4.09382e-11 1.12154e-11  3.1379e-12 9.05011e-13 2.69655e-13 8.28882e-14 2.61151e-14 8.37543e-15 2.72728e-15 8.99598e-16 2.99542e-16  1.0036e-16 3.37382e-17 1.13568e-17 3.82718e-18  1.2913e-18 4.35719e-19 1.47067e-19 4.96559e-20 1.67281e-20 5.58254e-21 1.77446e-21 3.79055e-22
    2.96265     1.56173    0.824155    0.443072    0.236093    0.124326    0.064486   0.0324291   0.0158339  0.00744046  0.00338898  0.00150162 0.000645214 0.000269469 0.000109544 4.31283e-05 1.64401e-05 6.04826e-06 2.14629e-06 7.34352e-07 2.42015e-07 7.67839e-08 2.34752e-08 6.92849e-09 1.97886e-09 5.50606e-10 1.50557e-10 4.09351e-11 1.12215e-11 3.14179e-12 9.06744e-13 2.70338e-13  8.3141e-14 2.62068e-14 8.40847e-15 2.73893e-15 9.03636e-16 3.00943e-16 1.00851e-16 3.39102e-17 1.14164e-17 3.84787e-18 1.29846e-18 4.38118e-19 1.47865e-19 4.99212e-20 1.68152e-20 5.61027e-21 1.78308e-21 3.89579e-22