  0.0276935 6.09382e-18 6.13655e-23 1.55547e-22 4.29034e-22 1.32456e-21 4.71701e-21 1.92872e-20 8.77263e-20 4.30491e-19 2.13614e-18 1.01679e-17 4.81894e-17 2.54894e-14 1.45447e-10 1.71848e-10 1.08929e-10 5.72489e-11 2.69998e-11 1.17636e-11  4.8593e-12 1.94014e-12 7.55276e-13 2.87655e-13 1.06978e-13 3.92974e-14 1.42152e-14 5.10358e-15 1.82175e-15 6.46619e-16 2.29479e-16 8.11226e-17 2.86971e-17 1.01492e-17 3.58841e-18 1.26963e-18 4.49387e-19 1.59132e-19 5.63896e-20 1.99938e-20 7.09304e-21   2.518e-21 8.94451e-22 3.17914e-22 1.13064e-22 4.02339e-23 1.43258e-23 5.10387e-24 1.81931e-24 6.51863e-25
   0.079724   0.0186647  0.00616472  0.00197609  0.00063127  0.00020676 6.98585e-05 2.37519e-05 7.90881e-06 2.65378e-06 9.46818e-07 3.48579e-07 1.25239e-07  4.4169e-08  1.5543e-08 5.44716e-09 1.89519e-09 6.57899e-10 2.28119e-10 7.89568e-11 2.72971e-11 9.44078e-12 3.26598e-12 1.13049e-12 3.91778e-13 1.35953e-13 4.72971e-14 1.64914e-14 5.76345e-15 2.01927e-15 7.08457e-16  2.4908e-16 8.76744e-17 3.08961e-17 1.09003e-17 3.84926e-18 1.36057e-18 4.81327e-19 1.70407e-19 6.03772e-20 2.14087e-20  7.5966e-21 2.69738e-21 9.58409e-22 3.40749e-22 1.21222e-22 4.31498e-23 1.53678e-23  5.4762e-24  1.9538e-24
   0.125194   0.0351633   0.0116624  0.00375479  0.00120347 0.000394647 0.000133362 4.53616e-05 1.51157e-05 5.04733e-06 1.77459e-06 6.44539e-07 2.29717e-07 8.01474e-08 2.76805e-08 9.50583e-09 3.25516e-09 1.11525e-09 3.82723e-10 1.31487e-10 4.52721e-11 1.56247e-11 5.40163e-12 1.87071e-12 6.48922e-13 2.25467e-13 7.85207e-14 2.74002e-14 9.58184e-15 3.35826e-15  1.1786e-15 4.14442e-16 1.45904e-16 5.14226e-17 1.81439e-17 6.40776e-18 2.26504e-18 8.01347e-19 2.83732e-19 1.00538e-19 3.56513e-20  1.2651e-20 4.49226e-21 1.59622e-21  5.6753e-22 2.01905e-22 7.18717e-23 2.55978e-23 9.12174e-24 3.25493e-24
   0.165967   0.0501278   0.0167069  0.00540698  0.00174023 0.000571834 0.000193479  6.5934e-05  2.2031e-05 7.32756e-06 2.53342e-06 9.05345e-07 3.20491e-07 1.11265e-07 3.82021e-08 1.30637e-08  4.4673e-09 1.53107e-09 5.25968e-10 1.81141e-10 6.25425e-11 2.16468e-11 7.50363e-12 2.60518e-12 9.05335e-13 3.15003e-13 1.09784e-13 3.83229e-14 1.34034e-14 4.69751e-15 1.64853e-15 5.79674e-16 2.04075e-16 7.19251e-17 2.53787e-17 8.96319e-18 3.16845e-18 1.12101e-18 3.96928e-19 1.40653e-19 4.98778e-20 1.76998e-20 6.28527e-21 2.23339e-21 7.94098e-22 2.82519e-22 1.00571e-22 3.58205e-23  1.2765e-23 4.55566e-24
    0.20333   0.0639943   0.0214478  0.00698274  0.00225868 0.000744378  0.00025241 8.62902e-05 2.89678e-05 9.61512e-06 3.26837e-06 1.14576e-06 4.02406e-07 1.39472e-07  4.7888e-08 1.63941e-08 5.61797e-09 1.93041e-09 6.65075e-10 2.29769e-10 7.95647e-11  2.7613e-11 9.59545e-12 3.33899e-12 1.16227e-12  4.0492e-13 1.41199e-13  4.9295e-14 1.72388e-14 6.03987e-15 2.11896e-15 7.44942e-16 2.62225e-16 9.24113e-17 3.26069e-17 1.15161e-17 4.07097e-18 1.44037e-18 5.10029e-19 1.80737e-19 6.40948e-20 2.27459e-20 8.07744e-21 2.87032e-21 1.02061e-21 3.63121e-22 1.29269e-22 4.60444e-23 1.64093e-23 5.85706e-24
   0.238212   0.0770783   0.0259949  0.00851963  0.00277216 0.000917171 0.000311934 0.000107104 3.61888e-05 1.20198e-05 4.02485e-06 1.38089e-06 4.79512e-07 1.65911e-07 5.70687e-08 1.95852e-08 6.72949e-09 2.31882e-09 8.01073e-10 2.77534e-10 9.63515e-11 3.35185e-11 1.16742e-11  4.0712e-12 1.41972e-12 4.95359e-13 1.72864e-13 6.03628e-14 2.11057e-14  7.3908e-15 2.59145e-15 9.10652e-16 3.20454e-16 1.12904e-16 3.98342e-17  1.4068e-17 4.97302e-18 1.75958e-18 6.23088e-19 2.20811e-19 7.83102e-20 2.77922e-20 9.86999e-21 3.50749e-21 1.24725e-21 4.43782e-22 1.57994e-22 5.62799e-23 2.00585e-23 7.15995e-24
   0.271313   0.0896167   0.0304327   0.0100479  0.00329176  0.00109437 0.000373616  0.00012897 4.39332e-05 1.46487e-05 4.85178e-06 1.62858e-06 5.56518e-07 1.91557e-07 6.59378e-08 2.26797e-08 7.81034e-09  2.6976e-09 9.34052e-10 3.24391e-10 1.12874e-10 3.93502e-11 1.37346e-11 4.79979e-12 1.67724e-12 5.86342e-13 2.04872e-13 7.15887e-14 2.50324e-14 8.76055e-15 3.06951e-15 1.07778e-15  3.7902e-16 1.33469e-16 4.70772e-17 1.66231e-17 5.87567e-18 2.07898e-18 7.36213e-19 2.60911e-19  9.2538e-20 3.28442e-20 1.16649e-20 4.14567e-21 1.47431e-21 5.24616e-22 1.86788e-22 6.65432e-23 2.37189e-23 8.46529e-24
   0.303178    0.101796   0.0348297   0.0115934  0.00382729  0.00127977  0.00043894 0.000152458 5.24337e-05 1.76111e-05 5.80317e-06 1.91103e-06 6.40033e-07 2.17919e-07 7.47868e-08 2.57313e-08 8.87136e-09 3.06882e-09 1.06435e-09 3.70353e-10 1.29116e-10 4.50991e-11 1.57722e-11 5.52254e-12 1.93403e-12 6.77652e-13 2.37244e-13 8.30289e-14 2.90554e-14 1.01657e-14 3.55989e-15 1.24844e-15 4.38536e-16 1.54273e-16 5.43801e-17 1.91924e-17 6.78169e-18 2.39934e-18 8.49634e-19 3.01108e-19 1.06803e-19 3.79108e-20 1.34656e-20 4.78611e-21 1.70227e-21 6.05803e-22 2.15718e-22 7.68596e-23 2.74001e-23 9.77434e-24
   0.334239    0.113767   0.0392419    0.013178  0.00438774  0.00147711  0.00050939 0.000178152 6.19291e-05 2.10219e-05 6.93861e-06 2.25554e-06 7.39723e-07 2.47609e-07 8.42074e-08  2.8868e-08 9.94147e-09 3.43892e-09 1.19339e-09 4.15699e-10 1.45125e-10 5.07719e-11 1.77872e-11 6.23868e-12 2.18934e-12 7.68857e-13 2.69855e-13 9.46813e-14 3.31984e-14 1.16257e-14 4.07316e-15 1.42671e-15 5.00393e-16 1.75758e-16 6.18661e-17 2.18082e-17 7.69934e-18 2.72287e-18 9.63933e-19 3.41558e-19 1.21154e-19 4.30086e-20 1.52774e-20 5.43083e-21 1.93191e-21 6.87635e-22 2.44895e-22 8.72706e-23 3.11177e-23 1.10896e-23
   0.364846    0.125658   0.0437184   0.0148215  0.00498159  0.00169016 0.000586498 0.000206661 7.26731e-05 2.50044e-05 8.32413e-06 2.69522e-06 8.69189e-07 2.85024e-07 9.53909e-08 3.23887e-08 1.10962e-08 3.82659e-09 1.32579e-09 4.61538e-10 1.61161e-10 5.64258e-11 1.97929e-11 6.95159e-12 2.44369e-12 8.59794e-13 3.02525e-13 1.06461e-13  3.7444e-14 1.31485e-14 4.61831e-15 1.61813e-15 5.67107e-16 1.98907e-16  6.9853e-17 2.45666e-17 8.65597e-18 3.05697e-18 1.08103e-18 3.82748e-19 1.35728e-19 4.81781e-20 1.71121e-20 6.08372e-21 2.16461e-21 7.70607e-22 2.74499e-22 9.78443e-23 3.48974e-23 1.24139e-23
   0.395287    0.137577   0.0483029   0.0165429   0.0056173  0.00192277 0.000671965   0.0002387 8.49603e-05 2.96942e-05 1.00324e-05 3.26904e-06 1.04645e-06 3.37006e-07 1.10524e-07 3.69233e-08  1.2512e-08 4.27993e-09 1.47456e-09 5.11323e-10 1.78102e-10 6.22762e-11 2.18416e-11 7.67433e-12 2.70064e-12 9.51387e-13 3.35367e-13 1.18308e-13 4.17408e-14 1.47146e-14 5.19009e-15 1.82462e-15 6.40869e-16 2.25005e-16 7.89041e-17 2.76858e-17 9.72633e-18 3.42423e-18 1.20738e-18 4.26448e-19 1.51007e-19 5.35488e-20 1.90019e-20 6.75412e-21  2.4033e-21 8.55634e-22 3.04827e-22 1.08687e-22 3.87781e-23 1.37487e-23
     0.4258    0.149619   0.0530345   0.0183603  0.00630353  0.00217908 0.000767683 0.000275095 9.91464e-05 3.52493e-05 1.21436e-05 4.02184e-06 1.29432e-06 4.13413e-07 1.33245e-07 4.36701e-08 1.45623e-08 4.91143e-09 1.67289e-09 5.74728e-10 1.98655e-10 6.90554e-11 2.41227e-11 8.45447e-12  2.9724e-12 1.04695e-12 3.69295e-13 1.30442e-13 4.61112e-14  1.6307e-14 5.77308e-15 2.04047e-15 7.20513e-16 2.54224e-16 8.94204e-17 3.14283e-17 1.10362e-17 3.87347e-18 1.36046e-18 4.78456e-19 1.68721e-19 5.96189e-20 2.10824e-20 7.47912e-21 2.65849e-21 9.45555e-22 3.36653e-22 1.20035e-22 4.28363e-23 1.51017e-23
   0.456586    0.161866   0.0579494   0.0202912  0.00704895   0.0024635 0.000875818 0.000316813 0.000115654 4.18635e-05 1.47533e-05 5.00487e-06 1.64073e-06 5.27664e-07 1.69152e-07  5.4714e-08 1.79716e-08 5.96262e-09 1.99901e-09 6.76895e-10 2.30616e-10 7.91068e-11 2.73105e-11 9.47786e-12 3.30857e-12 1.15945e-12 4.07813e-13 1.43845e-13 5.08316e-14 1.79938e-14 6.37914e-15 2.26304e-15  8.0324e-16 2.85151e-16 1.01027e-16 3.57635e-17 1.26364e-17 4.44969e-18 1.56531e-18 5.50136e-19 1.93181e-19  6.7897e-20 2.38688e-20  8.4164e-21 2.97729e-21 1.05398e-21 3.73814e-22 1.32995e-22 4.73932e-23 1.65676e-23
   0.487811    0.174394   0.0630816   0.0223524  0.00786245  0.00278082 0.000998821 0.000365021 0.000135007  4.9769e-05 1.79735e-05 6.27798e-06 2.11877e-06 6.97119e-07 2.26313e-07 7.34166e-08 2.40362e-08 7.91034e-09 2.62282e-09 8.77589e-10 2.94437e-10  9.9261e-11 3.36093e-11 1.14281e-11 3.91253e-12 1.34708e-12 4.67237e-13  1.6303e-13 5.71675e-14 2.01404e-14 7.11566e-15  2.5217e-15 8.95859e-16 3.18744e-16 1.13505e-16 4.04473e-17 1.44127e-17 5.12451e-18 1.82041e-18 6.45684e-19 2.28041e-19 8.03896e-20 2.83287e-20 9.95366e-21 3.49877e-21 1.22989e-21 4.32792e-22  1.5279e-22 5.40847e-23 1.87683e-23
   0.519612    0.187276   0.0684629   0.0245612  0.00875364  0.00313626  0.00113949 0.000421106  0.00015785 5.92589e-05 2.19407e-05 7.91133e-06 2.76755e-06 9.43338e-07 3.15725e-07 1.04843e-07 3.49082e-08 1.16239e-08 3.88318e-09 1.30649e-09 4.38662e-10 1.47337e-10 4.94004e-11 1.65169e-11  5.5246e-12 1.84837e-12 6.21939e-13 2.10516e-13  7.1828e-14 2.47388e-14 8.56907e-15 2.99539e-15 1.05275e-15 3.71577e-16  1.3174e-16 4.68381e-17 1.66989e-17 5.96449e-18 2.13301e-18 7.63433e-19 2.72812e-19 9.73581e-20 3.47744e-20 1.23664e-20 4.38243e-21 1.55243e-21 5.48774e-22 1.93285e-22 6.80384e-23 2.33974e-23
   0.552105    0.200572   0.0741233   0.0269351   0.0097327   0.0035355  0.00130099 0.000486726 0.000184976 7.07058e-05 2.68294e-05 9.99094e-06 3.63358e-06 1.29242e-06 4.51624e-07 1.56203e-07 5.39384e-08 1.85771e-08 6.40498e-09 2.22224e-09 7.68202e-10 2.65129e-10 9.10364e-11  3.0978e-11 1.04591e-11 3.49478e-12 1.16134e-12  3.8403e-13 1.26999e-13 4.22043e-14 1.40471e-14 4.74431e-15  1.6111e-15 5.51451e-16 1.90752e-16 6.63306e-17 2.32278e-17 8.19031e-18 2.89936e-18 1.03106e-18 3.68399e-19 1.31973e-19 4.74051e-20  1.7068e-20 6.14723e-21 2.21823e-21 8.00265e-22 2.87497e-22 1.02777e-22 3.60489e-23
   0.585389    0.214339   0.0800922    0.029492   0.0108102  0.00398476  0.00148691 0.000563832 0.000217386 8.45904e-05 3.28665e-05 1.26266e-05 4.77388e-06 1.77614e-06 6.51793e-07 2.37146e-07  8.6032e-08 3.11198e-08 1.12657e-08 4.10344e-09 1.49141e-09  5.4183e-10 1.96104e-10  7.0325e-11 2.49877e-11 8.75263e-12 3.02945e-12 1.03505e-12 3.50164e-13 1.17788e-13 3.92801e-14 1.32012e-14 4.42607e-15 1.48916e-15 5.05961e-16 1.72271e-16 5.91452e-17 2.05016e-17 7.13807e-18 2.50512e-18 8.89211e-19 3.17935e-19  1.1433e-19 4.16029e-20  1.5262e-20 5.62979e-21  2.0868e-21  7.7566e-22 2.86861e-22 1.16756e-22
   0.619536    0.228629   0.0863983   0.0322496   0.0119976  0.00449095  0.00170122 0.000654674 0.000256303 0.000101532 4.03538e-05 1.59649e-05 6.26209e-06 2.43399e-06 9.38501e-07 3.60122e-07 1.37933e-07 5.27462e-08 2.01998e-08 7.77797e-09 2.99338e-09 1.15286e-09  4.4334e-10 1.69268e-10 6.41532e-11 2.39935e-11 8.86308e-12 3.22807e-12 1.16055e-12 4.13124e-13 1.45284e-13 5.10661e-14 1.78318e-14  6.2156e-15  2.1754e-15 7.60096e-16 2.66925e-16 9.43876e-17 3.34652e-17  1.1955e-17 4.32196e-18 1.57526e-18 5.78405e-19 2.15913e-19 8.15041e-20 3.09812e-20 1.18484e-20 4.54824e-21 1.73708e-21 7.08457e-22
     0.6546    0.243489   0.0930688    0.035226   0.0133066  0.00506154  0.00194835  0.00076181 0.000303178 0.000122314 4.96971e-05 2.02081e-05 8.19886e-06  3.3179e-06 1.33999e-06 5.41088e-07 2.18629e-07  8.8376e-08 3.58146e-08 1.45793e-08 5.93697e-09 2.41975e-09 9.85528e-10 3.99074e-10 1.60639e-10 6.39059e-11  2.5134e-11 9.75317e-12 3.73416e-12 1.41394e-12 5.28534e-13 1.96511e-13 7.24916e-14 2.66031e-14 9.75362e-15 3.56401e-15 1.30358e-15  4.7804e-16 1.75467e-16 6.47842e-17 2.41569e-17 9.07226e-18 3.43109e-18 1.31737e-18 5.11029e-19  1.9946e-19 7.81274e-20 3.05799e-20 1.18435e-20 4.40968e-21
   0.690619     0.25896    0.100129   0.0384391   0.0147492  0.00570435  0.00223314 0.000888116 0.000359693 0.000147902 6.14252e-05 2.56359e-05 1.07275e-05 4.50109e-06  1.8947e-06 8.01044e-07 3.39986e-07 1.44725e-07 6.18486e-08 2.65356e-08 1.13937e-08 4.89411e-09 2.09994e-09 8.96299e-10 3.80286e-10 1.59602e-10  6.6241e-11 2.71334e-11 1.09682e-11 4.38462e-12  1.7299e-12 6.77156e-13 2.62825e-13 1.01245e-13 3.88139e-14 1.48113e-14 5.64178e-15 2.14839e-15 8.17878e-16 3.12464e-16 1.20199e-16 4.65175e-17  1.8114e-17 7.13436e-18 2.83226e-18 1.13005e-18 4.51636e-19 1.79754e-19 7.02738e-20 2.41527e-20
   0.727616    0.275078      0.1076   0.0419033   0.0163364  0.00642667  0.00256036  0.00103656  0.00042765 0.000179378 7.61669e-05 3.26051e-05 1.40427e-05 6.08634e-06 2.65642e-06 1.16847e-06 5.17621e-07 2.30581e-07 1.03288e-07 4.64632e-08 2.09296e-08 9.42991e-09 4.24104e-09  1.8976e-09 8.43249e-10 3.70738e-10 1.61128e-10 6.91022e-11 2.92407e-11 1.22285e-11 5.04687e-12 2.06208e-12 8.34712e-13 3.34987e-13 1.33586e-13 5.29799e-14 2.09321e-14 8.25178e-15 3.24979e-15  1.2817e-15 5.07417e-16 2.01851e-16 8.07365e-17  3.2595e-17 1.32398e-17 5.39905e-18 2.20162e-18  8.9164e-19 3.52319e-19 1.15024e-19
   0.765593    0.291872    0.115497   0.0456279    0.018076  0.00723399  0.00293378  0.00120954 0.000508548 0.000217682  9.4512e-05 4.14755e-05 1.83571e-05 8.19354e-06 3.69004e-06 1.67765e-06 7.69612e-07 3.55667e-07 1.65476e-07 7.73795e-08 3.62579e-08 1.69958e-08 7.95095e-09 3.70119e-09 1.70989e-09 7.81546e-10 3.52798e-10 1.57058e-10 6.89465e-11 2.98774e-11 1.27735e-11 5.39797e-12 2.25819e-12 9.35766e-13 3.84862e-13 1.57354e-13 6.40056e-14 2.59341e-14 1.04907e-14 4.24889e-15 1.72723e-15 7.05244e-16 2.89299e-16 1.19434e-16 4.95417e-17 2.06088e-17 8.55833e-18 3.51861e-18 1.40001e-18 4.30814e-19
   0.804537    0.309363    0.123838    0.049625   0.0199756  0.00813174  0.00335664  0.00140905 0.000603522 0.000263488 0.000116875 5.25097e-05 2.38386e-05 1.09273e-05 5.05732e-06 2.36309e-06 1.11419e-06 5.29354e-07 2.53193e-07 1.21722e-07 5.86389e-08 2.82537e-08 1.35828e-08 6.49661e-09 3.08142e-09 1.44519e-09 6.68769e-10 3.04892e-10 1.36953e-10 6.06847e-11 2.65119e-11 1.14328e-11 4.87924e-12 2.06089e-12 8.62846e-13 3.59048e-13 1.48689e-13 6.13796e-14 2.53088e-14 1.04537e-14 4.33786e-15 1.80914e-15 7.57952e-16 3.18271e-16 1.33882e-16  5.6411e-17 2.37266e-17 9.86726e-18 3.92898e-18 1.12246e-18
    0.84442    0.327574    0.132639   0.0539092   0.0220448  0.00912684  0.00383328  0.00163773 0.000714066 0.000317609   0.0001437 6.59549e-05 3.06346e-05  1.4381e-05 6.81881e-06  3.2633e-06 1.57483e-06 7.65262e-07 3.74029e-07  1.8351e-07 9.01491e-08 4.42553e-08 2.16552e-08 1.05339e-08  5.0765e-09 2.41581e-09 1.13313e-09 5.22816e-10 2.37298e-10 1.06098e-10 4.66993e-11 2.02816e-11  8.7142e-12  3.7041e-12 1.56194e-12 6.55277e-13 2.73799e-13 1.14299e-13 4.77644e-14 2.00054e-14 8.41801e-15 3.56088e-15 1.51325e-15  6.4412e-16 2.74255e-16 1.16886e-16 4.97413e-17 2.09303e-17 8.37602e-18 2.32151e-18
   0.885198    0.346514    0.141911   0.0584898   0.0242917   0.0102253   0.0043684  0.00189868 0.000842134 0.000381173  0.00017562 8.21511e-05 3.89272e-05 1.86547e-05  9.0301e-06 4.40963e-06 2.16952e-06 1.07369e-06 5.33779e-07 2.66095e-07 1.32752e-07 6.61385e-08 3.28065e-08 1.61592e-08 7.87537e-09  3.7851e-09 1.79103e-09 8.32207e-10  3.7973e-10 1.70319e-10 7.50502e-11 3.26022e-11 1.40096e-11 5.95642e-12 2.51562e-12 1.05842e-12 4.44199e-13 1.86707e-13 7.86845e-14 3.32238e-14 1.40821e-14 5.99785e-15 2.56344e-15 1.09773e-15  4.7065e-16 2.01969e-16 8.65924e-17 3.67347e-17 1.47525e-17  3.9995e-18
   0.926825    0.366181    0.151659   0.0633721   0.0267224    0.011432  0.00496548  0.00219426 0.000989225 0.000455055 0.000213117  0.00010135  4.8831e-05 2.37898e-05 1.16989e-05  5.7968e-06  2.8902e-06 1.44746e-06 7.27115e-07 3.65633e-07 1.83588e-07 9.18352e-08 4.55828e-08 2.23877e-08 1.08454e-08 5.16714e-09 2.41987e-09 1.11261e-09 5.02208e-10  2.2303e-10 9.74266e-11 4.19628e-11 1.79141e-11 7.58139e-12  3.1932e-12  1.3417e-12 5.63104e-13 2.36902e-13 9.99664e-14  4.2227e-14  1.7844e-14 7.54849e-15 3.19712e-15 1.35406e-15 5.72386e-16 2.41539e-16 1.01618e-16 4.22031e-17 1.65351e-17 4.32214e-18
   0.969238    0.386567    0.161885   0.0685593   0.0293392   0.0127495  0.00562615  0.00252555  0.00115595  0.00053958 0.000256326 0.000123593 6.03345e-05  2.9751e-05 1.47874e-05 7.39479e-06 3.71445e-06  1.8704e-06   9.427e-07 4.74322e-07 2.37412e-07  1.1793e-07 5.79013e-08   2.803e-08 1.33569e-08 6.25224e-09 2.87599e-09 1.30086e-09 5.78517e-10 2.53664e-10 1.09734e-10 4.69232e-11 1.99292e-11 8.41197e-12 3.54178e-12 1.48939e-12 6.25138e-13 2.62282e-13 1.10113e-13 4.62316e-14 1.93926e-14 8.12331e-15 3.40124e-15 1.41916e-15 5.88046e-16 2.42193e-16 9.90649e-17 3.99037e-17 1.51483e-17  3.8181e-18
    1.01237    0.407658    0.172582   0.0740475   0.0321403   0.0141772  0.00635043  0.00289248  0.00134222 0.000634601 0.000305073 0.000148702 7.32853e-05 3.64223e-05 1.82143e-05 9.14943e-06 4.60664e-06 2.31893e-06 1.16504e-06 5.82245e-07 2.88277e-07 1.41096e-07 6.80663e-08 3.23026e-08 1.50821e-08 6.92326e-09 3.12663e-09 1.39204e-09 6.10953e-10 2.64962e-10 1.13686e-10 4.83683e-11 2.04686e-11 8.61703e-12 3.61883e-12 1.51802e-12 6.34949e-13 2.64598e-13 1.09959e-13 4.56097e-14 1.88648e-14 7.77087e-15 3.19157e-15  1.3023e-15 5.25803e-16 2.10358e-16 8.33335e-17 3.24305e-17 1.18845e-17 2.88671e-18
    1.05613    0.429428    0.183733   0.0798256   0.0351192   0.0157109  0.00713596  0.00329372  0.00154696 0.000739345 0.000358777 0.000176232 8.73682e-05 4.35977e-05  2.1849e-05 1.09781e-05 5.51434e-06 2.76009e-06 1.37407e-06 6.77916e-07 3.30252e-07 1.58587e-07 7.49675e-08 3.48504e-08 1.59502e-08 7.19295e-09 3.19729e-09 1.40441e-09 6.09787e-10 2.62176e-10 1.11728e-10 4.73069e-11 1.99379e-11  8.3583e-12 3.48715e-12 1.44981e-12 6.00751e-13 2.47903e-13 1.01886e-13 4.16841e-14 1.69178e-14 6.80216e-15 2.71419e-15  1.0745e-15 4.21155e-16 1.63494e-16 6.28043e-17 2.36883e-17 8.41782e-18 1.98559e-18
    1.10042    0.451832    0.195314   0.0858792    0.038265   0.0173435  0.00797783  0.00372621  0.00176804 0.000852297 0.000416376 0.000205484 0.000102136 5.10004e-05 2.55228e-05 1.27757e-05 6.37338e-06 3.15702e-06 1.55008e-06 7.51937e-07 3.59483e-07 1.69166e-07 7.83823e-08 3.57594e-08 1.60845e-08 7.14562e-09 3.13571e-09 1.36213e-09 5.85997e-10  2.4994e-10 1.05754e-10  4.4476e-11 1.86132e-11 7.74499e-12 3.20054e-12 1.31445e-12 5.37147e-13 2.18229e-13 8.81007e-14  3.5315e-14 1.40048e-14  5.4881e-15 2.12893e-15 8.16862e-16 3.09666e-16 1.16031e-16 4.29846e-17 1.56643e-17 5.38907e-18 1.22255e-18
    1.14516    0.474822    0.207296   0.0921845   0.0415611   0.0190639  0.00886844  0.00418474  0.00200212 0.000971144 0.000476372 0.000235533 0.000117046 5.83101e-05 2.90441e-05 1.44282e-05 7.11988e-06 3.47796e-06 1.67936e-06 7.99614e-07 3.75027e-07 1.73151e-07 7.87964e-08 3.53716e-08 1.56811e-08 6.87927e-09 2.98634e-09 1.28455e-09 5.47717e-10 2.31603e-10 9.71498e-11 4.04545e-11 1.67384e-11 6.88293e-12 2.80979e-12 1.13824e-12 4.57313e-13 1.81805e-13 7.15203e-14 2.78738e-14 1.07478e-14 4.09485e-15 1.54312e-15 5.74075e-16 2.10627e-16 7.62338e-17 2.72353e-17 9.57869e-18 3.18452e-18 6.92139e-19
    1.19023    0.498338    0.219643   0.0987124   0.0449866   0.0208569  0.00979758  0.00466214  0.00224472  0.00109301 0.000536999 0.000265355 0.000131511 6.51886e-05 3.22202e-05 1.58329e-05 7.70572e-06 3.70446e-06 1.75718e-06 8.21376e-07 3.78414e-07 1.71791e-07 7.69746e-08 3.40815e-08 1.49243e-08 6.47463e-09 2.78198e-09 1.18455e-09 5.00068e-10  2.0931e-10 8.68578e-11 3.57171e-11  1.4563e-11 5.89385e-12 2.36573e-12  9.4092e-13 3.70245e-13 1.43642e-13  5.4941e-14 2.07609e-14 7.75569e-15 2.86302e-15 1.04498e-15 3.76818e-16  1.3408e-16 4.70563e-17 1.62816e-17 5.54093e-18  1.7823e-18 3.71979e-19
    1.23552    0.522299    0.232306    0.105429   0.0485153   0.0227026   0.0107523  0.00515018  0.00249037  0.00121464 0.000596394 0.000293919 0.000144957 7.13192e-05 3.48899e-05 1.69199e-05 8.10841e-06 3.83381e-06 1.78716e-06 8.21264e-07 3.72395e-07 1.66597e-07 7.36546e-08 3.22196e-08 1.39505e-08 5.98608e-09 2.54459e-09  1.0713e-09 4.46909e-10 1.84689e-10 7.56023e-11 3.06241e-11 1.22708e-11  4.8685e-12 1.91103e-12 7.42072e-13 2.84841e-13 1.07688e-13 4.00513e-14 1.46755e-14 5.30694e-15 1.89598e-15 6.69499e-16 2.33984e-16 8.08625e-17  2.7605e-17 9.29408e-18 3.07487e-18 9.61287e-19 1.95028e-19
    1.28093    0.546625    0.245225    0.112292   0.0521176   0.0245794    0.011717  0.00563996   0.0027333  0.00133269 0.000652749 0.000320243 0.000156863 7.64505e-05 3.69522e-05 1.76628e-05 8.33117e-06 3.87615e-06 1.77804e-06 8.04697e-07 3.59806e-07 1.58896e-07 6.94068e-08 3.00174e-08 1.28512e-08 5.45049e-09  2.2895e-09 9.51558e-10 3.91356e-10 1.59217e-10 6.40873e-11 2.54884e-11 1.00041e-11 3.87862e-12 1.48458e-12 5.61293e-13   2.096e-13 7.70597e-14 2.78429e-14 9.89646e-15 3.46884e-15 1.20128e-15 4.11108e-16 1.39363e-16 4.68139e-17 1.55653e-17 5.11358e-18 1.65192e-18 5.04245e-19 9.95928e-20
    1.32635    0.571232    0.258337    0.119257   0.0557612   0.0264643   0.0126749  0.00612096  0.00296809  0.00144413 0.000704441 0.000343483 0.000166828   8.043e-05 3.83756e-05 1.80761e-05 8.39663e-06 3.84859e-06 1.74004e-06 7.76848e-07  3.4298e-07  1.4967e-07 6.46172e-08 2.76226e-08 1.16859e-08 4.89332e-09 2.02776e-09 8.30319e-10 3.35868e-10  1.3415e-10 5.29364e-11 2.06107e-11 7.90359e-12 2.98765e-12 1.11324e-12 4.09236e-13 1.48444e-13 5.30037e-14 1.85976e-14 6.41776e-15 2.18461e-15 7.35104e-16 2.44515e-16 8.05784e-17 2.63517e-17 8.54652e-18 2.74585e-18 8.69361e-19 2.60478e-19 5.05696e-20
    1.37171    0.596019    0.271569    0.126281   0.0594067   0.0283336   0.0136093  0.00658192  0.00318992  0.00154652 0.000750162 0.000363007 0.000174613 8.32149e-05 3.91899e-05 1.82023e-05  8.3367e-06 3.76955e-06 1.68227e-06 7.41801e-07 3.23599e-07 1.39565e-07 5.95341e-08 2.51332e-08  1.0494e-08 4.33196e-09 1.76762e-09 7.11604e-10  2.8247e-10 1.10511e-10 4.26477e-11 1.62179e-11  6.0649e-12 2.23192e-12 8.08666e-13 2.88834e-13 1.01743e-13 3.52888e-14 1.20333e-14 4.03748e-15 1.33757e-15 4.38579e-16 1.42342e-16 4.57952e-17  1.4634e-17 4.64532e-18 1.46506e-18 4.57114e-19 1.35569e-19 2.62985e-20
    1.41686    0.620893    0.284847    0.133324   0.0630173   0.0301659   0.0145056  0.00701351  0.00339403  0.00163817  0.00078905 0.000378458 0.000180151 8.48542e-05 3.94641e-05 1.80946e-05 8.18285e-06 3.65479e-06 1.61167e-06 7.02395e-07  3.0278e-07 1.29009e-07 5.43294e-08 2.26217e-08 9.30865e-09 3.78289e-09 1.51721e-09 5.99229e-10 2.32932e-10 8.90974e-11 3.35589e-11 1.24414e-11 4.53209e-12 1.62253e-12 5.71355e-13 1.98264e-13 6.78656e-14 2.28974e-14 7.60408e-15 2.48745e-15 8.04528e-16 2.58019e-16 8.20938e-17 2.59315e-17 8.14389e-18 2.54459e-18 7.92251e-19 2.45284e-19 7.25334e-20  1.3965e-20
    1.46168    0.645783    0.298108    0.140353   0.0665706   0.0319467   0.0153534  0.00740923  0.00357577  0.00171766 0.000820819 0.000389822 0.000183542 8.54631e-05 3.92833e-05 1.78028e-05 7.96006e-06 3.51551e-06  1.5329e-06 6.60424e-07 2.81237e-07 1.18301e-07 4.91322e-08 2.01481e-08 8.15818e-09 3.25896e-09 1.28263e-09   4.962e-10  1.8862e-10 7.04398e-11 2.58525e-11 9.33026e-12 3.30853e-12  1.1523e-12 3.94524e-13 1.33091e-13  4.4329e-14 1.45832e-14   4.733e-15 1.51601e-15 4.80858e-16 1.51543e-16 4.75227e-17 1.48394e-17 4.61631e-18 1.43194e-18 4.43515e-19 1.37042e-19 4.05042e-20 7.65833e-21
    1.50608    0.670567    0.311287    0.147297    0.070049   0.0336583   0.0161493    0.007766  0.00373245  0.00178337 0.000845447 0.000397406 0.000185046 8.52062e-05 3.87364e-05 1.73688e-05 7.68586e-06 3.35874e-06 1.44865e-06 6.16905e-07 2.59395e-07 1.07639e-07 4.40396e-08 1.77629e-08 7.06432e-09  2.7679e-09 1.06716e-09  4.0399e-10 1.50077e-10 5.46894e-11 1.95506e-11 6.86436e-12 2.36879e-12 8.03095e-13 2.67769e-13 8.79849e-14 2.85775e-14 9.19304e-15 2.92769e-15 9.22869e-16 2.88528e-16 8.97907e-17 2.78916e-17  8.6738e-18 2.69921e-18 8.41174e-19 2.62144e-19 8.13751e-20 2.41264e-20 4.58112e-21
    1.54995    0.695086    0.324253    0.154028   0.0734442   0.0352771   0.0168925  0.00808559  0.00386435  0.00183445 0.000862734 0.000401559 0.000184991  8.4274e-05 3.79143e-05 1.68293e-05  7.3736e-06  3.1892e-06 1.36057e-06 5.72459e-07 2.37522e-07 9.71498e-08 3.91205e-08 1.55034e-08 6.04705e-09 2.31994e-09 8.74916e-10 3.23748e-10 1.17453e-10 4.17619e-11 1.45512e-11 4.97366e-12 1.67118e-12 5.52244e-13 1.79796e-13 5.77552e-14 1.83564e-14  5.7913e-15 1.81582e-15  5.6603e-16 1.75603e-16 5.43756e-17 1.68604e-17  5.2576e-18 1.64968e-18 5.20685e-19 1.64726e-19 5.18038e-20 1.55511e-20 3.06167e-21
    1.59309    0.719479    0.336843    0.160517     0.07673   0.0368175   0.0175788  0.00837135  0.00397466  0.00187208 0.000872879 0.000402472 0.000183598 8.28183e-05 3.68942e-05 1.62164e-05  7.0343e-06 3.01048e-06 1.26991e-06 5.27657e-07 2.15891e-07 8.69634e-08   3.444e-08 1.34014e-08 5.12244e-09 1.92245e-09 7.08353e-10 2.55933e-10 9.06246e-11 3.14445e-11  1.0689e-11 3.56379e-12 1.16839e-12 3.77143e-13 1.20209e-13 3.78965e-14 1.18386e-14  3.6765e-15 1.13803e-15 3.52083e-16 1.09143e-16 3.39588e-17 1.06357e-17 3.34789e-18  1.0604e-18 3.37717e-19 1.08035e-19 3.44859e-20 1.05379e-20 2.13509e-21
    1.63566    0.743846    0.349179    0.166801   0.0798153   0.0382894   0.0182114  0.00862138  0.00406761  0.00189916 0.000877211 0.000400594  0.00018104 8.09213e-05  3.5715e-05 1.55471e-05 6.67373e-06  2.8244e-06 1.17731e-06 4.82944e-07 1.94771e-07 7.72182e-08 3.00583e-08 1.14792e-08 4.29794e-09 1.57724e-09 5.67526e-10 2.00136e-10 6.91629e-11 2.34303e-11 7.78021e-12 2.53628e-12 8.13897e-13 2.57478e-13  8.0556e-14 2.49925e-14 7.70846e-15 2.37085e-15 7.28936e-16 2.24671e-16 6.96519e-17 2.17758e-17 6.88592e-18 2.19699e-18  7.0415e-19 2.26577e-19 7.31057e-20 2.35645e-20 7.28306e-21  1.4724e-21
     1.6778    0.767686    0.361338     0.17277   0.0826796   0.0396119   0.0188013  0.00884267   0.0041437    0.001918 0.000877563 0.000396852 0.000177659 7.86939e-05 3.44126e-05 1.48359e-05  6.3004e-06 2.63495e-06 1.08436e-06 4.38789e-07 1.74337e-07 6.79833e-08 2.59949e-08 9.73848e-09 3.57168e-09 1.28206e-09 4.50632e-10 1.55156e-10 5.23555e-11  1.7332e-11 5.63072e-12 1.79908e-12 5.66859e-13 1.76448e-13 5.44241e-14  1.6688e-14 5.10439e-15 1.56328e-15 4.80629e-16 1.48608e-16 4.62712e-17  1.4543e-17 4.62564e-18 1.48805e-18 4.82506e-19 1.57272e-19 5.14484e-20 1.67909e-20 5.24124e-21 1.07316e-21
    1.71942    0.790424    0.373205    0.178482   0.0852912    0.040808    0.019316  0.00904633  0.00420744  0.00193021 0.000874932 0.000391908 0.000173797 7.62816e-05  3.3049e-05 1.41095e-05 5.92732e-06 2.44869e-06 9.94169e-07 3.96421e-07 1.55003e-07 5.94004e-08 2.22916e-08 8.18632e-09 2.94066e-09 1.03298e-09 3.55008e-10 1.19477e-10 3.94141e-11 1.27664e-11 4.06417e-12 1.27551e-12 3.95803e-13 1.21728e-13 3.72213e-14 1.13542e-14 3.46517e-15 1.06088e-15 3.26577e-16  1.0136e-16 3.18318e-17 1.01288e-17 3.27052e-18  1.0655e-18 3.48533e-19 1.14283e-19 3.75258e-20 1.23077e-20 3.86228e-21 7.82973e-22
    1.76047    0.813097     0.38464    0.184036   0.0877378   0.0418855   0.0197636  0.00921593  0.00425741  0.00193651 0.000870234 0.000386327 0.000169734 7.38138e-05 3.16758e-05 1.33874e-05 5.56083e-06 2.26818e-06 9.07997e-07 3.56547e-07 1.37122e-07 5.16192e-08 1.90056e-08 6.84011e-09 2.40604e-09 8.27221e-10 2.78208e-10 9.16528e-11 2.96162e-11 9.40728e-12 2.94242e-12  9.0929e-13 2.78627e-13 8.49358e-14 2.58572e-14   7.888e-15 2.41752e-15 7.45449e-16 2.31542e-16 7.25175e-17 2.29539e-17 7.35715e-18 2.38991e-18 7.86622e-19 2.60611e-19 8.67065e-20 2.88405e-20 9.52631e-21 3.00559e-21 6.25665e-22
    1.80066    0.836407    0.395516    0.189228   0.0901347   0.0428602   0.0201574   0.0093439  0.00428871  0.00193712 0.000863277 0.000380048 0.000165502  7.1313e-05 3.02963e-05 1.26634e-05 5.19943e-06 2.09408e-06 8.26857e-07 3.19672e-07 1.20891e-07 4.46968e-08 1.61461e-08  5.6964e-09 1.96293e-09 6.60917e-10 2.17705e-10 7.02934e-11 2.22911e-11 6.96185e-12 2.14648e-12 6.55593e-13 1.99175e-13  6.0426e-14 1.83814e-14 5.62593e-15 1.73711e-15 5.41463e-16 1.70317e-16 5.40554e-17 1.73324e-17 5.62248e-18 1.84511e-18 6.11753e-19 2.04111e-19 6.83651e-20 2.29365e-20 7.66552e-21 2.45563e-21  5.2754e-22
    1.83949    0.857831     0.40626    0.194062   0.0923323    0.043828   0.0205009  0.00944118  0.00430922  0.00193295 0.000853862 0.000372584 0.000160807   6.866e-05 2.88889e-05 1.19433e-05 4.84797e-06 1.92833e-06 7.51256e-07 2.86046e-07 1.06376e-07 3.86333e-08 1.36962e-08  4.7389e-09 1.60102e-09 5.28557e-10 1.70803e-10 5.41589e-11 1.68928e-11  5.2008e-12 1.58543e-12 4.80491e-13 1.45394e-13 4.41132e-14 1.34716e-14   4.153e-15 1.29509e-15 4.08511e-16 1.30143e-16  4.1821e-17 1.35648e-17 4.44682e-18 1.47321e-18 4.92138e-19 1.65106e-19 5.55512e-20  1.8745e-20 6.32421e-21 2.05139e-21 4.46261e-22
    1.87619    0.878303    0.417004    0.198855   0.0943532   0.0446166   0.0208096   0.0095171  0.00431949  0.00192547 0.000843081 0.000364556 0.000155878 6.59283e-05 2.74793e-05 1.12465e-05 4.51537e-06 1.77374e-06 6.81366e-07 2.55402e-07 9.33723e-08 3.33073e-08 1.15914e-08 3.93564e-09 1.30479e-09 4.22877e-10 1.34286e-10 4.19069e-11   1.289e-11 3.92298e-12   1.186e-12 3.57907e-13 1.08265e-13  3.2965e-14 1.01389e-14  3.1566e-15 9.95463e-16 3.17575e-16 1.02295e-16 3.32172e-17 1.08747e-17 3.59297e-18 1.19772e-18 4.02785e-19 1.36108e-19 4.61288e-20 1.56672e-20 5.31465e-21 1.73075e-21 3.72745e-22
    1.91162    0.899599    0.427376    0.203568   0.0962822   0.0452756   0.0210593  0.00957428  0.00431529  0.00191307 0.000831586 0.000356522 0.000151023 6.32614e-05 2.61057e-05 1.05713e-05 4.19543e-06 1.62723e-06 6.16363e-07 2.27667e-07 8.18898e-08 2.87086e-08 9.81403e-09 3.27252e-09 1.06588e-09 3.39628e-10 1.06162e-10 3.26697e-11 9.93375e-12 2.99778e-12 9.01734e-13  2.7187e-13 8.24883e-14  2.5274e-14 7.83893e-15 2.46414e-15 7.84992e-16 2.52971e-16 8.22718e-17   2.698e-17  8.9283e-18 2.98091e-18 1.00306e-18 3.39457e-19 1.15312e-19 3.92843e-20 1.34014e-20 4.55585e-21 1.48448e-21 3.20272e-22
     1.9467    0.919032    0.437517    0.208103   0.0981353   0.0459674   0.0212624  0.00961631  0.00430234  0.00189503 0.000818676 0.000348248 0.000146186 6.06497e-05 2.47797e-05 9.92783e-06 3.89222e-06 1.48993e-06 5.56321e-07 2.02621e-07 7.18039e-08 2.47719e-08 8.32812e-09 2.73067e-09 8.74978e-10 2.74559e-10 8.46471e-11  2.5745e-11  7.7592e-12 2.32905e-12 6.99375e-13 2.11255e-13  6.4433e-14 1.98964e-14 6.22934e-15 1.97735e-15 6.35981e-16 2.06874e-16 6.78781e-17 2.24458e-17  7.4865e-18 2.51704e-18 8.51754e-19 2.89253e-19 9.84918e-20 3.36526e-20 1.15306e-20 3.94021e-21 1.29034e-21 2.79815e-22
    1.98085    0.937057    0.447547    0.212581    0.099932   0.0465895   0.0214427  0.00964228   0.0042849   0.0018744 0.000804639 0.000339607 0.000141289 5.80623e-05 2.34909e-05 9.31396e-06 3.61024e-06 1.36473e-06 5.02519e-07 1.80368e-07 6.29779e-08 2.13962e-08 7.08166e-09 2.28629e-09 7.21834e-10 2.23467e-10 6.80993e-11 2.05211e-11 6.14679e-12 1.84044e-12  5.5328e-13 1.67867e-13 5.15639e-14 1.60624e-14 5.07627e-15 1.62577e-15 5.27276e-16 1.72905e-16 5.71748e-17 1.90257e-17 6.36805e-18 2.14378e-18 7.25009e-19 2.46177e-19 8.38548e-20  2.8702e-20 9.87879e-21 3.40123e-21 1.12289e-21 2.45264e-22
    2.01418    0.954918    0.456762     0.21686     0.10166   0.0471858   0.0216248  0.00966325  0.00426437  0.00185238 0.000789352 0.000330608 0.000136364  5.5514e-05  2.2237e-05 8.72039e-06  3.3429e-06 1.24933e-06 4.54393e-07 1.60805e-07 5.53505e-08 1.85342e-08 6.04631e-09  1.9249e-09 5.99858e-10 1.83587e-10 5.54285e-11 1.65913e-11 4.95253e-12 1.48312e-12 4.47432e-13 1.36635e-13  4.2328e-14  1.3309e-14  4.2445e-15 1.37031e-15 4.47467e-16 1.47648e-16 4.91184e-17 1.64298e-17 5.51491e-18 1.85722e-18 6.27053e-19 2.12767e-19 7.25748e-20 2.49244e-20 8.62732e-21 2.99392e-21 9.96479e-22 2.19839e-22
    2.04652    0.971442    0.464938    0.220766    0.103385   0.0477892   0.0218224  0.00969438  0.00424419  0.00183098 0.000774001 0.000321578 0.000131465 5.30053e-05 2.10217e-05 8.15784e-06 3.09127e-06 1.14234e-06 4.10858e-07 1.43535e-07 4.87515e-08 1.61069e-08 5.18601e-09 1.63075e-09 5.02608e-10 1.52426e-10 4.57109e-11 1.36276e-11 4.06449e-12 1.22025e-12 3.70126e-13 1.13914e-13 3.56076e-14 1.12986e-14 3.63401e-15 1.18168e-15 3.88109e-16 1.28684e-16 4.30007e-17 1.44448e-17 4.86531e-18 1.64119e-18  5.5414e-19  1.8811e-19 6.43608e-20  2.2215e-20 7.73117e-21 2.69464e-21 8.98716e-22 1.97339e-22
    2.07828    0.987025    0.472809     0.22441    0.105068   0.0483449     0.02202  0.00973485  0.00423153  0.00181186 0.000759949 0.000313055 0.000126778 5.05998e-05 1.98606e-05 7.62837e-06 2.85832e-06 1.04411e-06 3.71242e-07 1.28137e-07 4.29828e-08 1.40272e-08  4.4636e-09 1.38869e-09 4.24147e-10 1.27765e-10  3.8169e-11 1.13702e-11 3.39886e-12 1.02553e-12 3.13341e-13  9.7317e-14 3.07132e-14  9.8338e-15 3.18679e-15 1.04266e-15 3.44316e-16 1.14764e-16 3.85347e-17 1.29952e-17 4.38691e-18 1.48096e-18 4.99833e-19 1.69927e-19 5.83948e-20 2.02796e-20 7.09246e-21 2.47403e-21 8.22796e-22 1.80342e-22
    2.10982     1.00301    0.480633    0.228008    0.106654   0.0489029   0.0221981  0.00977349  0.00422355  0.00179507 0.000747242 0.000305181 0.000122443 4.83719e-05 1.87802e-05 7.13368e-06 2.64358e-06 9.54529e-07 3.35411e-07 1.14434e-07 3.79395e-08 1.22422e-08 3.85514e-09 1.18867e-09 3.60435e-10 1.08052e-10 3.22327e-11 9.62119e-12 2.89101e-12 8.79053e-13 2.71138e-13 8.50317e-14 2.70947e-14  8.7521e-15 2.85758e-15  9.4071e-16 3.12293e-16  1.0459e-16  3.5271e-17 1.19373e-17 4.03857e-18 1.36464e-18 4.60615e-19 1.57177e-19 5.43798e-20 1.90318e-20 6.68761e-21 2.32898e-21 7.71161e-22 1.69778e-22
    2.14088     1.01971     0.48859    0.231551    0.108183   0.0494645   0.0223562  0.00980275  0.00421272  0.00177811 0.000734578 0.000297498 0.000118278  4.6248e-05  1.7758e-05 6.67091e-06   2.444e-06 8.72241e-07 3.02915e-07 1.02212e-07 3.35214e-08 1.07061e-08 3.34068e-09 1.02252e-09 3.08443e-10 9.22276e-11 2.75266e-11 8.24838e-12 2.49579e-12 7.65984e-13 2.38803e-13 7.55929e-14 2.42837e-14 7.90488e-15 2.60214e-15 8.63215e-16 2.88174e-16 9.67993e-17 3.27009e-17 1.10922e-17 3.76661e-18 1.27747e-18 4.32645e-19  1.4856e-19 5.18024e-20 1.82673e-20 6.43759e-21 2.23032e-21 7.33489e-22 1.61624e-22
    2.17127     1.03652    0.496778    0.235113    0.109747   0.0500182   0.0224994  0.00981993  0.00419506  0.00175842 0.000720874 0.000289504 0.000114048 4.41327e-05 1.67565e-05 6.22602e-06 2.25478e-06 7.95296e-07 2.72967e-07 9.10968e-08 2.95668e-08 9.35414e-09 2.89503e-09 8.80697e-10 2.64752e-10 7.91347e-11 2.36815e-11 7.13642e-12  2.1767e-12  6.7439e-13 2.12413e-13 6.79066e-14 2.19999e-14 7.21598e-15 2.39346e-15 8.00196e-16 2.68898e-16 9.07022e-17 3.07163e-17 1.04442e-17 3.56062e-18 1.21337e-18 4.12596e-19 1.41735e-19 4.94064e-20 1.73962e-20 6.12669e-21 2.12165e-21 6.98579e-22 1.56674e-22
    2.20023     1.05236    0.504639    0.238587    0.111278    0.050572   0.0226361  0.00983054  0.00417364  0.00173734 0.000706805 0.000281417 0.000109834 4.20686e-05 1.57952e-05 5.80207e-06 2.07702e-06 7.24062e-07 2.45647e-07 8.10679e-08 2.60402e-08 8.16403e-09 2.50798e-09 7.58981e-10 2.27634e-10 6.81062e-11  2.0467e-11  6.2118e-12 1.91155e-12 5.97788e-13 1.90032e-13 6.13771e-14 2.00758e-14 6.63777e-15 2.21466e-15 7.44492e-16 2.51697e-16 8.54297e-17 2.90842e-17  9.9335e-18 3.40044e-18 1.16399e-18 3.97212e-19 1.35124e-19 4.64996e-20  1.6139e-20 5.64935e-21 1.96964e-21  6.5736e-22 1.52337e-22
    2.22778     1.06709    0.511873    0.241796    0.112619   0.0510945   0.0227749  0.00984369  0.00415446  0.00171792 0.000693766  0.00027389 0.000105906 4.01633e-05 1.49208e-05 5.41974e-06 1.91815e-06 6.61083e-07 2.21784e-07 7.24105e-08  2.3031e-08 7.16008e-09 2.18551e-09 6.58825e-10 1.97425e-10 5.92103e-11 1.78915e-11 5.47395e-12  1.7005e-12 5.36941e-13 1.72238e-13  5.6097e-14 1.84896e-14 6.15516e-15 2.06628e-15 6.98476e-16  2.3729e-16 8.08676e-17  2.7625e-17 9.46632e-18 3.25321e-18 1.11827e-18 3.83661e-19 1.30291e-19 4.45308e-20  1.5319e-20   5.325e-21 1.85898e-21 6.26726e-22 1.49425e-22
     2.2548     1.08077    0.518743    0.244862    0.113837   0.0515572    0.022921  0.00986474  0.00413969  0.00170095 0.000682147 0.000267179 0.000102409 3.84692e-05 1.41463e-05   5.084e-06 1.78006e-06 6.06907e-07 2.01487e-07 6.51424e-08 2.05378e-08 6.33894e-09 1.92535e-09 5.79125e-10 1.73718e-10 5.23237e-11 1.59209e-11 4.91473e-12 1.54207e-12 4.91819e-13 1.59243e-13  5.2225e-14   1.731e-14 5.79238e-15  1.9565e-15 6.65685e-16  2.2751e-16 7.78866e-17 2.66922e-17 9.15724e-18 3.14538e-18 1.08111e-18 3.71454e-19 1.27436e-19 4.39377e-20 1.52333e-20 5.31069e-21 1.85209e-21  6.2658e-22 1.52282e-22
    2.28167     1.09461    0.525547     0.24774    0.115061   0.0519873   0.0230542  0.00989289  0.00412869  0.00168606 0.000671715  0.00026114 9.92854e-05 3.69606e-05  1.3456e-05 4.78597e-06 1.65866e-06 5.59823e-07 1.84063e-07 5.89829e-08 1.84541e-08 5.66206e-09 1.71365e-09 5.15073e-10 1.54871e-10  4.6896e-11 1.43793e-11 4.47953e-12 1.41907e-12 4.56807e-13 1.49168e-13 4.92682e-14 1.64249e-14  5.5199e-15 1.86987e-15 6.38014e-16 2.19065e-16 7.54703e-17 2.60216e-17 8.96037e-18  3.0772e-18 1.05679e-18 3.62924e-19  1.2514e-19 4.34089e-20  1.5135e-20 5.29925e-21 1.85446e-21  6.3092e-22 1.55188e-22
     2.3083      1.1096    0.532431    0.250546    0.116292   0.0524357   0.0231768  0.00991859  0.00411887  0.00167289 0.000662493 0.000255734  9.6489e-05 3.56177e-05 1.28457e-05 4.52413e-06 1.55279e-06 5.19134e-07 1.69157e-07 5.37728e-08 1.67139e-08 5.10425e-09 1.54123e-09 4.63429e-10 1.39797e-10 4.25761e-11 1.31546e-11 4.13318e-12 1.32082e-12 4.28728e-13 1.41029e-13 4.68621e-14 1.57036e-14 5.30018e-15 1.80148e-15 6.16413e-16 2.11994e-16  7.3081e-17 2.52091e-17 8.70007e-18 3.00305e-18 1.03707e-18 3.58428e-19 1.24048e-19  4.3159e-20 1.50771e-20 5.28063e-21 1.84738e-21 6.28762e-22 1.53158e-22
    2.33431     1.12451    0.539171    0.253481    0.117465   0.0528962   0.0233113  0.00994255  0.00410944  0.00166046 0.000653911 0.000250724  9.3905e-05 3.44037e-05 1.23083e-05 4.29498e-06 1.46076e-06 4.84044e-07 1.56414e-07  4.9368e-08 1.52602e-08 4.64416e-09 1.40081e-09 4.21876e-10 1.27794e-10 3.91644e-11  1.2191e-11 3.86017e-12 1.24286e-12  4.0624e-13 1.34441e-13 4.49086e-14 1.51124e-14 5.11853e-15 1.74553e-15 5.99485e-16 2.06716e-16 7.12959e-17 2.45683e-17 8.46965e-18 2.92571e-18 1.01286e-18 3.51319e-19 1.22178e-19 4.26707e-20 1.49588e-20 5.25031e-21 1.83683e-21 6.24736e-22  1.5149e-22
    2.36066     1.13973    0.545866    0.256288    0.118593   0.0533337   0.0234434  0.00997506  0.00410419  0.00164952 0.000645922 0.000246074 9.15166e-05 3.32909e-05 1.18239e-05 4.09137e-06 1.37977e-06  4.5348e-07 1.45437e-07 4.56136e-08 1.40345e-08 4.26015e-09 1.28474e-09  3.8783e-10 1.18043e-10 3.64115e-11  1.1418e-11 3.64225e-12  1.1805e-12 3.87944e-13 1.28931e-13 4.32688e-14 1.46213e-14 4.96942e-15 1.69905e-15 5.84863e-16 2.02141e-16 6.98803e-17 2.41305e-17 8.33018e-18 2.87935e-18 9.97614e-19 3.46347e-19  1.2055e-19 4.21403e-20 1.47807e-20 5.19638e-21 1.82454e-21 6.23019e-22 1.51782e-22
    2.38806     1.15573    0.552788    0.259053    0.119626   0.0537534   0.0235687   0.0100094  0.00410171  0.00164023 0.000639019 0.000242022  8.9422e-05  3.2301e-05 1.13863e-05 3.90911e-06 1.30797e-06 4.26673e-07 1.35915e-07 4.23939e-08 1.29949e-08  3.9377e-09 1.18812e-09  3.5966e-10 1.10012e-10 3.41498e-11 1.07845e-11 3.46438e-12 1.12978e-12 3.73083e-13 1.24445e-13 4.18734e-14 1.41795e-14 4.83124e-15 1.65827e-15 5.73217e-16 1.98582e-16 6.86293e-17 2.36658e-17 8.16942e-18 2.83321e-18 9.86019e-19 3.44003e-19 1.19852e-19 4.18972e-20 1.46897e-20 5.16588e-21 1.81694e-21 6.21451e-22 1.51001e-22
    2.41562     1.17103    0.560199    0.261857    0.120607   0.0541334   0.0236762   0.0100439  0.00410124  0.00163252 0.000633031 0.000238441 8.75538e-05 3.14168e-05 1.09966e-05 3.74778e-06 1.24492e-06 4.03393e-07 1.27756e-07 3.96719e-08 1.21275e-08 3.67184e-09 1.10943e-09 3.37009e-10 1.03608e-10 3.23546e-11 1.02822e-11 3.32291e-12 1.08942e-12 3.61343e-13 1.20935e-13  4.0765e-14 1.38188e-14 4.71185e-15 1.61906e-15 5.60477e-16 1.94522e-16 6.73341e-17  2.3241e-17 8.02527e-18 2.78403e-18 9.69696e-19 3.38724e-19 1.18409e-19 4.15214e-20 1.46049e-20 5.14689e-21 1.81133e-21 6.19503e-22  1.4964e-22
    2.44274     1.18551    0.568001    0.264527    0.121629   0.0544344   0.0237617   0.0100729  0.00410114  0.00162546 0.000627756 0.000235334 8.59038e-05 3.06309e-05 1.06504e-05 3.60498e-06 1.18951e-06 3.83144e-07 1.20753e-07 3.73664e-08 1.14023e-08 3.45204e-09 1.04511e-09 3.18703e-10 9.84866e-11 3.09315e-11 9.88484e-12 3.21041e-12 1.05706e-12 3.51852e-13 1.18066e-13 3.98771e-14 1.35374e-14  4.6183e-15 1.58577e-15 5.48452e-16 1.90451e-16 6.60726e-17 2.28617e-17 7.90335e-18 2.73915e-18 9.52786e-19 3.32325e-19  1.1643e-19 4.09523e-20  1.4454e-20 5.10529e-21 1.79678e-21 6.13508e-22 1.46276e-22
    2.46945     1.20017    0.575741    0.267576    0.122677   0.0547228   0.0238387   0.0100852  0.00409915  0.00161842 0.000622966 0.000232634 8.44637e-05 2.99387e-05 1.03444e-05 3.47897e-06 1.14089e-06 3.65481e-07 1.14677e-07 3.53757e-08 1.07822e-08 3.26718e-09 9.91817e-10 3.03758e-10 9.43644e-11 2.98022e-11 9.57299e-12  3.1228e-12 1.03188e-12  3.4439e-13 1.15765e-13 3.91475e-14 1.33006e-14 4.53848e-15 1.55747e-15 5.38254e-16 1.86991e-16 6.49934e-17 2.25364e-17 7.80243e-18 2.70493e-18 9.40745e-19 3.27944e-19 1.14811e-19 4.03666e-20  1.4241e-20 5.02879e-21  1.7693e-21 6.02855e-22 1.41868e-22
    2.49481     1.21425    0.583374    0.271228    0.123822   0.0550837   0.0239047    0.010089  0.00409505  0.00161192 0.000618485 0.000230084  8.3137e-05 2.93008e-05 1.00637e-05 3.36766e-06 1.09813e-06 3.50038e-07 1.09407e-07 3.36606e-08 1.02525e-08  3.1117e-09 9.47759e-10 2.91624e-10 9.10738e-11  2.8915e-11 9.33167e-12  3.0559e-12 1.01282e-12 3.38733e-13 1.14004e-13 3.85774e-14 1.31109e-14 4.47341e-15 1.53431e-15  5.2983e-16 1.84077e-16 6.40658e-17 2.22525e-17 7.71495e-18 2.67619e-18  9.3086e-19 3.24428e-19 1.13454e-19  3.9845e-20  1.4039e-20 4.95255e-21 1.74139e-21 5.92117e-22 1.37848e-22
    2.51911      1.2278    0.591171    0.275135    0.125075   0.0555309   0.0239785   0.0100986  0.00408802  0.00160457 0.000613882 0.000227598 8.19048e-05  2.8724e-05 9.81314e-06 3.27128e-06 1.06142e-06 3.36827e-07 1.04932e-07 3.22243e-08 9.81338e-09 2.98343e-09 9.11671e-10 2.81759e-10 8.84218e-11 2.82059e-11 9.13998e-12 3.00288e-12 9.97647e-13 3.34162e-13 1.12547e-13 3.80994e-14 1.29503e-14 4.41916e-15 1.51611e-15 5.23585e-16 1.81893e-16 6.33079e-17 2.19936e-17 7.62543e-18 2.64406e-18 9.18916e-19 3.19943e-19 1.11884e-19 3.92918e-20 1.38411e-20 4.87731e-21   1.711e-21 5.79519e-22 1.32875e-22
    2.54374     1.24115    0.598961    0.279014    0.126503   0.0560756    0.024083   0.0101084  0.00408102  0.00159641 0.000609013 0.000225115 8.07466e-05 2.82204e-05 9.60354e-06 3.18852e-06 1.03009e-06  3.2559e-07 1.01147e-07 3.10196e-08   9.448e-09 2.87719e-09 8.81976e-10   2.737e-10  8.6274e-11 2.76367e-11 8.98833e-12 2.96182e-12 9.86093e-13  3.3068e-13 1.11426e-13 3.77234e-14 1.28211e-14 4.37546e-15 1.50211e-15 5.19039e-16 1.80292e-16 6.27109e-17 2.17726e-17 7.54326e-18 2.61276e-18 9.06685e-19  3.1514e-19 1.10154e-19 3.86671e-20 1.36129e-20 4.79059e-21 1.67663e-21 5.65656e-22 1.28004e-22
      2.567     1.25361    0.605755    0.282765    0.127987   0.0567017   0.0242548   0.0101253  0.00407718  0.00158866 0.000603967 0.000222565 7.96012e-05 2.77483e-05 9.41591e-06 3.11462e-06 1.00326e-06 3.16173e-07 9.80083e-08 3.00285e-08 9.15002e-09 2.79115e-09 8.58118e-10 2.67272e-10 8.45784e-11 2.71917e-11 8.87229e-12 2.93153e-12 9.77859e-13 3.28215e-13  1.1062e-13 3.74594e-14 1.27325e-14 4.34632e-15 1.49316e-15 5.16276e-16 1.79335e-16 6.23444e-17 2.16322e-17 7.49033e-18 2.59273e-18 8.98839e-19 3.11965e-19 1.08722e-19  3.8047e-20 1.33505e-20 4.68864e-21 1.64031e-21 5.52663e-22 1.24343e-22
    2.58728      1.2659    0.611495    0.286341    0.129436   0.0573277   0.0244971   0.0101742  0.00408249  0.00158367 0.000599294 0.000220063 7.84699e-05 2.72779e-05 9.22998e-06 3.04375e-06 9.79108e-07 3.08114e-07 9.54078e-08 2.92262e-08 8.91425e-09 2.72436e-09 8.39849e-10 2.62384e-10 8.32993e-11 2.68564e-11 8.78535e-12 2.90906e-12 9.71812e-13 3.26419e-13 1.10023e-13 3.72749e-14 1.26753e-14 4.32874e-15 1.48806e-15 5.14776e-16 1.78849e-16 6.21733e-17 2.15707e-17 7.46656e-18 2.58245e-18 8.94341e-19  3.0998e-19 1.07628e-19 3.75047e-20 1.31009e-20 4.58932e-21 1.60631e-21  5.4126e-22 1.21514e-22
     2.6055     1.27797    0.616963    0.289557    0.130965   0.0579104   0.0247675   0.0102456   0.0041039  0.00158423 0.000596065 0.000217968  7.7448e-05 2.68258e-05 9.04733e-06 2.97543e-06 9.55933e-07 3.00603e-07 9.30796e-08 2.85339e-08 8.72039e-09 2.67323e-09 8.26693e-10 2.59052e-10 8.24794e-11 2.66558e-11 8.73663e-12 2.89709e-12 9.68659e-13 3.25429e-13 1.09647e-13 3.71555e-14 1.26363e-14 4.31671e-15 1.48496e-15 5.13952e-16 1.78618e-16 6.21081e-17 2.15525e-17 7.45698e-18 2.57524e-18 8.90326e-19 3.08044e-19 1.06755e-19  3.7107e-20 1.29248e-20 4.51922e-21 1.58192e-21 5.33058e-22 1.19601e-22
    2.62187     1.28804    0.622293    0.292495     0.13242   0.0584562   0.0250342   0.0103255  0.00413822  0.00159157 0.000595678 0.000216811 7.66824e-05 2.64373e-05 8.88083e-06 2.91105e-06  9.3324e-07 2.93142e-07  9.0773e-08 2.78585e-08 8.53697e-09 2.62888e-09 8.16541e-10 2.56883e-10 8.20736e-11  2.6603e-11 8.73725e-12 2.90117e-12 9.70736e-13 3.26126e-13 1.09818e-13 3.71894e-14 1.26376e-14 4.31466e-15 1.48427e-15 5.13557e-16 1.78381e-16  6.1982e-17 2.14921e-17 7.43158e-18 2.56519e-18 8.86347e-19 3.06481e-19 1.06125e-19 3.68382e-20 1.28088e-20 4.47325e-21 1.56586e-21 5.27547e-22 1.18248e-22
    2.63568     1.29547    0.627312    0.295066     0.13363   0.0589433    0.025272   0.0104185  0.00417499  0.00160291 0.000598287 0.000216871 7.63131e-05 2.61887e-05 8.76361e-06 2.85957e-06 9.13477e-07 2.86293e-07 8.85638e-08 2.71946e-08 8.34935e-09 2.58051e-09 8.04873e-10 2.54262e-10 8.15662e-11 2.65414e-11 8.74433e-12 2.91099e-12 9.76138e-13  3.2849e-13 1.10769e-13  3.7497e-14 1.27331e-14 4.34414e-15  1.4935e-15  5.1617e-16 1.78858e-16  6.1933e-17 2.14001e-17 7.38761e-18 2.55232e-18 8.82842e-19 3.05579e-19 1.05681e-19 3.66152e-20 1.27026e-20 4.42942e-21 1.55018e-21 5.21718e-22 1.16271e-22
    2.64619     1.30125    0.631312    0.296918    0.134573   0.0593536   0.0254647   0.0105033  0.00420887  0.00161461 0.000602042 0.000217743  7.6341e-05 2.61159e-05 8.71829e-06  2.8347e-06 9.01978e-07  2.8181e-07  8.6983e-08 2.66698e-08 8.18511e-09 2.53152e-09 7.91276e-10 2.50614e-10 8.06554e-11  2.6334e-11 8.70348e-12 2.90598e-12 9.77234e-13 3.29778e-13 1.11529e-13  3.7818e-14 1.28585e-14 4.39288e-15 1.51224e-15  5.2306e-16 1.80989e-16 6.24492e-17 2.14993e-17 7.40416e-18 2.55698e-18 8.84319e-19 3.06039e-19 1.05617e-19 3.64926e-20 1.26212e-20 4.39157e-21 1.53544e-21  5.1544e-22 1.13781e-22
    2.65158     1.30526     0.63341     0.29806    0.135158   0.0595914   0.0256024   0.0105664  0.00423403  0.00162443 0.000605015 0.000218669 7.65588e-05 2.61367e-05 8.71249e-06 2.83129e-06 8.99131e-07 2.80454e-07 8.64823e-08 2.64936e-08 8.12901e-09 2.51453e-09 7.86564e-10 2.49288e-10 8.02115e-11 2.61758e-11 8.64607e-12  2.8849e-12 9.70522e-13 3.28103e-13 1.11168e-13 3.77931e-14 1.28813e-14 4.41052e-15  1.5204e-15 5.26286e-16 1.82174e-16 6.28623e-17 2.16438e-17 7.45144e-18 2.57051e-18 8.88053e-19 3.07056e-19  1.0603e-19 3.66504e-20 1.26804e-20 4.41226e-21 1.54125e-21 5.16341e-22 1.14109e-22
    2.65425     1.30569    0.633125     0.29845    0.135311   0.0596516   0.0256577   0.0106031  0.00424413  0.00162899 0.000606144 0.000219053 7.66873e-05 2.61446e-05 8.70787e-06 2.82997e-06  8.9842e-07 2.80327e-07 8.65716e-08 2.66009e-08 8.18747e-09 2.53963e-09 7.96408e-10  2.5291e-10 8.14066e-11  2.6557e-11 8.76437e-12 2.92078e-12 9.82017e-13 3.32162e-13 1.12616e-13 3.82539e-14 1.30242e-14 4.43595e-15 1.51407e-15 5.20116e-16 1.79633e-16 6.21048e-17 2.14345e-17 7.39375e-18 2.55235e-18 8.82378e-19 3.05391e-19 1.05848e-19 3.67417e-20 1.27701e-20 4.45855e-21 1.55815e-21  5.2148e-22 1.15572e-22
    2.66563       1.306     0.63017    0.297613    0.134956   0.0594993   0.0255994   0.0105841   0.0042345   0.0016257 0.000604836 0.000218602 7.65183e-05 2.60689e-05 8.68011e-06 2.81776e-06 8.95418e-07 2.79707e-07 8.65182e-08 2.66698e-08 8.24159e-09 2.56766e-09 8.09331e-10 2.58401e-10 8.35295e-11 2.73431e-11 9.04238e-12  3.0167e-12 1.01534e-12 3.43979e-13 1.16845e-13 3.96788e-14 1.34995e-14 4.58023e-15 1.55171e-15 5.29791e-16  1.8252e-16 6.31557e-17  2.1841e-17 7.55037e-18 2.61101e-18 9.04108e-19 3.13438e-19 1.08869e-19 3.78765e-20 1.31932e-20 4.58983e-21 1.58839e-21 5.26734e-22 1.15384e-22
    2.68896     1.31345    0.629596    0.296663    0.134218    0.059037   0.0253744   0.0104861  0.00419845  0.00161229 0.000599862  0.00021683 7.58659e-05 2.58306e-05 8.59645e-06 2.78844e-06 8.87196e-07 2.77476e-07 8.59241e-08 2.65375e-08 8.22329e-09 2.57088e-09 8.14018e-10 2.61248e-10 8.47902e-11 2.78436e-11  9.2308e-12 3.08539e-12 1.04021e-12 3.53116e-13 1.20249e-13 4.09504e-14 1.39665e-14 4.75488e-15 1.61715e-15 5.53343e-16 1.90768e-16 6.60381e-17 2.28673e-17 7.91688e-18  2.7411e-18 9.49995e-19 3.29587e-19 1.14502e-19 3.98325e-20  1.3869e-20 4.80384e-21 1.64818e-21 5.42623e-22 1.19318e-22
    2.71735     1.32824    0.634984    0.297939    0.134178   0.0587796   0.0251869   0.0103906  0.00415885  0.00159582 0.000593146 0.000214212 7.48776e-05  2.5465e-05 8.46562e-06 2.74451e-06 8.72945e-07 2.73039e-07 8.45906e-08 2.61632e-08 8.12313e-09  2.5451e-09 8.07954e-10  2.6004e-10 8.46118e-11  2.7843e-11 9.25032e-12 3.09848e-12  1.0461e-12 3.55326e-13 1.21086e-13 4.12835e-14 1.40938e-14 4.80526e-15 1.63713e-15 5.60628e-16 1.93284e-16 6.69028e-17  2.3175e-17 8.02707e-18 2.77984e-18 9.63368e-19 3.34175e-19 1.16066e-19 4.03571e-20 1.40416e-20 4.86586e-21 1.67161e-21 5.50318e-22 1.20773e-22
    2.74761     1.34642    0.643726    0.301677    0.135548   0.0591912   0.0252858   0.0104068  0.00415715  0.00159266 0.000591014 0.000213092 7.43745e-05  2.5256e-05 8.38403e-06 2.71529e-06 8.63061e-07 2.69923e-07  8.3663e-08  2.5902e-08 8.05435e-09 2.52832e-09 8.04213e-10 2.59346e-10  8.4553e-11 2.78715e-11 9.27294e-12 3.10976e-12  1.0508e-12 3.57137e-13 1.21788e-13 4.15508e-14 1.41923e-14 4.84239e-15 1.65089e-15 5.65306e-16 1.94763e-16 6.73584e-17 2.33194e-17 8.07371e-18 2.79476e-18 9.67914e-19 3.35502e-19 1.16423e-19 4.04366e-20 1.40515e-20  4.8665e-21 1.67139e-21 5.49093e-22  1.1916e-22
     2.7785     1.36609    0.654011    0.306745    0.137851   0.0601338   0.0256447   0.0105386  0.00420346  0.00160865 0.000596149 0.000214638 7.48205e-05 2.53751e-05 8.41318e-06 2.72268e-06 8.65026e-07  2.7058e-07 8.39216e-08 2.60099e-08 8.10031e-09 2.54731e-09 8.11682e-10  2.6219e-10 8.56089e-11 2.82519e-11 9.40687e-12 3.15628e-12 1.06675e-12 3.62574e-13 1.23657e-13 4.21999e-14 1.44157e-14 4.92033e-15 1.67806e-15 5.74429e-16 1.97752e-16 6.83352e-17 2.36429e-17 8.18204e-18 2.83103e-18 9.79863e-19 3.39402e-19  1.1767e-19 4.08235e-20  1.4168e-20 4.90332e-21 1.68321e-21 5.52013e-22 1.19216e-22
    2.80957     1.38657    0.665039    0.312441    0.140626   0.0613787   0.0261678   0.0107483   0.0042829  0.00163774 0.000606165  0.00021791 7.58483e-05 2.56804e-05 8.49896e-06 2.74624e-06 8.71293e-07   2.723e-07 8.44165e-08 2.61631e-08 8.15166e-09  2.5654e-09 8.18138e-10 2.64493e-10 8.64309e-11 2.85388e-11 9.50544e-12 3.18978e-12 1.07804e-12 3.66383e-13 1.24954e-13 4.26527e-14 1.45729e-14 4.97568e-15 1.69761e-15 5.81086e-16 1.99951e-16 6.90585e-17 2.38848e-17 8.26356e-18 2.85833e-18 9.88879e-19 3.42352e-19 1.18613e-19 4.11151e-20 1.42557e-20  4.9307e-21 1.69168e-21 5.53861e-22 1.19041e-22
     2.8405     1.40756    0.676499    0.318465    0.143635   0.0627722   0.0267713   0.0109943  0.00437539  0.00167035 0.000616742 0.000221099 7.67513e-05 2.59155e-05 8.55367e-06  2.7574e-06 8.73035e-07 2.72426e-07  8.4364e-08 2.61354e-08 8.14366e-09 2.56424e-09 8.18465e-10 2.64857e-10 8.66555e-11 2.86457e-11 9.55115e-12 3.20822e-12 1.08514e-12 3.69066e-13 1.25968e-13 4.30324e-14  1.4714e-14 5.02809e-15 1.71682e-15 5.87916e-16 2.02301e-16 6.98571e-17 2.41599e-17 8.35838e-18 2.89053e-18 9.99706e-19 3.45972e-19 1.19786e-19 4.14869e-20 1.43715e-20 4.96727e-21 1.70296e-21 5.56693e-22 1.19373e-22
    2.87102     1.42884    0.688242    0.324683    0.146755   0.0642179   0.0273843   0.0112313  0.00445618  0.00169497 0.000623268 0.000222569  7.7007e-05 2.59294e-05 8.53857e-06 2.74793e-06 8.69159e-07 2.71095e-07 8.39542e-08 2.60236e-08 8.11656e-09 2.55892e-09 8.17889e-10 2.65044e-10 8.68398e-11 2.87442e-11 9.59483e-12 3.22612e-12  1.0921e-12  3.7169e-13 1.26956e-13 4.33992e-14 1.48491e-14 5.07783e-15 1.73493e-15  5.9435e-16 2.04531e-16 7.06244e-17 2.44271e-17 8.45161e-18 2.92275e-18 1.01077e-18  3.4976e-19 1.21046e-19 4.18994e-20 1.45055e-20 5.01099e-21 1.71684e-21 5.60624e-22 1.20333e-22
    2.90089     1.45029     0.70016    0.330954    0.149817   0.0655695   0.0279112   0.0114113  0.00450653  0.00170595 0.000624604 0.000222293 7.67346e-05 2.58001e-05 8.48911e-06 2.73145e-06 8.64169e-07 2.69705e-07 8.36006e-08 2.59414e-08 8.10093e-09 2.55724e-09 8.18313e-10 2.65472e-10 8.70654e-11 2.88431e-11  9.6347e-12  3.2415e-12 1.09787e-12 3.73834e-13 1.27752e-13  4.3696e-14 1.49589e-14  5.1185e-15 1.74989e-15 5.99736e-16 2.06424e-16 7.12857e-17 2.46607e-17 8.53407e-18 2.95157e-18 1.02081e-18 3.53243e-19 1.22223e-19 4.22927e-20 1.46365e-20 5.05453e-21 1.73092e-21 5.64858e-22 1.21734e-22
    2.92977     1.47174    0.711687    0.336709    0.152419   0.0666126   0.0282726   0.0115178  0.00452977  0.00170813 0.000623376 0.000221346 7.63115e-05 2.56479e-05 8.44121e-06 2.71808e-06 8.60714e-07  2.6889e-07 8.34332e-08 2.59098e-08 8.09768e-09 2.55805e-09 8.19086e-10 2.65869e-10 8.72417e-11 2.89144e-11 9.66253e-12 3.25209e-12 1.10183e-12 3.75308e-13 1.28303e-13  4.3903e-14 1.50362e-14 5.14739e-15 1.76067e-15 6.03667e-16 2.07826e-16 7.17834e-17  2.4839e-17 8.59781e-18 2.97412e-18 1.02876e-18 3.56041e-19 1.23179e-19 4.26169e-20 1.47463e-20 5.09147e-21 1.74301e-21 5.68634e-22 1.23563e-22
    2.95708     1.49308     0.72228    0.341556    0.154417   0.0673403   0.0285007   0.0115768  0.00453942  0.00170715 0.000621635 0.000220404 7.59401e-05 2.55268e-05  8.4072e-06 2.70996e-06 8.58969e-07 2.68572e-07 8.33935e-08 2.59065e-08 8.09939e-09 2.55919e-09 8.19649e-10 2.66112e-10 8.73462e-11 2.89566e-11 9.67921e-12 3.25855e-12 1.10427e-12  3.7623e-13  1.2865e-13 4.40339e-14  1.5085e-14 5.16567e-15 1.76751e-15 6.06176e-16 2.08729e-16 7.21075e-17 2.49563e-17 8.64008e-18 2.98918e-18 1.03411e-18 3.57933e-19 1.23828e-19 4.28375e-20 1.48212e-20 5.11661e-21 1.75116e-21 5.71205e-22 1.26888e-22