0.0955083
 0.111992
 0.128476
 0.144959
 0.161443
 0.177927
  0.19441
 0.210894
 0.227378
 0.243861
 0.260345
 0.276829
 0.293312
 0.309796
  0.32628
 0.342763
 0.359247
 0.375731
 0.392214
 0.408698
 0.425182
 0.441665
 0.458149
 0.474633
 0.491116
   0.5076
 0.524084
 0.540567
 0.557051
 0.573535
 0.590018
 0.606502
 0.622986
 0.639469
 0.655953
 0.672437
  0.68892
 0.705404
 0.721888
 0.738371
 0.754855
 0.771339
 0.787822
 0.804306
  0.82079
 0.837273
 0.853757
 0.870241
 0.886724
 0.903208
 0.919692
 0.936175
 0.952659
 0.969143
 0.985626
  1.00211
  1.01859
  1.03508
  1.05156
  1.06804
  1.08453
  1.10101
   1.1175
  1.13398
  1.15046
  1.16695
  1.18343
  1.19991
   1.2164
  1.23288
  1.24936
  1.26585
  1.28233
  1.29882
   1.3153
  1.33178
  1.34827
  1.36475
  1.38123
  1.39772
   1.4142
  1.43069
  1.44717
  1.46365
  1.48014
  1.49662
   1.5131
  1.52959
  1.54607
  1.56255
