  0.0293068 5.97386e-18 1.22489e-23 2.69748e-23 6.53547e-23 1.81197e-22 5.93232e-22 2.29508e-21 1.03841e-20 5.55673e-20 3.41121e-19  2.0972e-18 1.10828e-17 5.28283e-17 4.65255e-16 3.58181e-11 4.21686e-11 2.92067e-11 1.64459e-11 8.10759e-12 3.65329e-12 1.56271e-12   6.438e-13 2.56325e-13 9.83893e-14 3.70475e-14 1.36238e-14 4.95085e-15 1.78261e-15 6.36082e-16 2.26801e-16 8.03544e-17 2.84845e-17  1.0089e-17 3.57032e-18 1.26425e-18 4.47749e-19 1.58616e-19 5.62279e-20 1.99423e-20 7.07626e-21 2.51253e-21 8.92666e-22 3.17325e-22 1.12869e-22 4.01697e-23 1.43048e-23 5.09707e-24 1.81711e-24 6.52667e-25
  0.0843169   0.0221727  0.00843707  0.00309825  0.00111033 0.000398884 0.000144425  5.0654e-05 1.61012e-05 4.50208e-06 1.20212e-06 3.66551e-07 1.27063e-07 4.48697e-08 1.57224e-08 5.49374e-09 1.91045e-09 6.64249e-10 2.30963e-10  8.0155e-11 2.77592e-11 9.60982e-12 3.32381e-12 1.14905e-12 3.97347e-13  1.3752e-13  4.7724e-14  1.6604e-14 5.79271e-15 2.02722e-15 7.10543e-16 2.49691e-16 8.78548e-17 3.09504e-17 1.09175e-17 3.85476e-18 1.36239e-18 4.81933e-19 1.70608e-19 6.04445e-20 2.14317e-20 7.60451e-21 2.70012e-21  9.5936e-22 3.41081e-22 1.21338e-22 4.31903e-23 1.53817e-23 5.48095e-24 1.95611e-24
   0.132312   0.0417134   0.0159261  0.00587159   0.0021111 0.000759482 0.000275228 9.68007e-05 3.10163e-05 8.77453e-06 2.34421e-06 6.95733e-07 2.34465e-07 8.15691e-08 2.82518e-08 9.72897e-09 3.33665e-09 1.14422e-09 3.92734e-10 1.34813e-10 4.63454e-11 1.59643e-11 5.50555e-12 1.90157e-12 6.57729e-13 2.27869e-13 7.91635e-14 2.75672e-14 9.62479e-15 3.36981e-15 1.18159e-15 4.15319e-16 1.46164e-16 5.15015e-17 1.81693e-17 6.41605e-18  2.2678e-18 8.02291e-19 2.84056e-19  1.0065e-19 3.56908e-20 1.26649e-20 4.49717e-21 1.59796e-21 5.68148e-22 2.02125e-22 7.19494e-23  2.5625e-23 9.13117e-24 3.25955e-24
    0.17526   0.0593702   0.0227575  0.00842983  0.00304331  0.00109738 0.000398522 0.000140853 4.56782e-05 1.31592e-05 3.53991e-06 1.02123e-06 3.32029e-07 1.13475e-07 3.89831e-08 1.33549e-08 4.56912e-09 1.56575e-09 5.37502e-10 1.84909e-10 6.37589e-11 2.20382e-11 7.62687e-12 2.64335e-12 9.16662e-13  3.1823e-13 1.10674e-13 3.85591e-14 1.34651e-14 4.71408e-15 1.65281e-15 5.80921e-16 2.04446e-16 7.20382e-17 2.54156e-17 8.97542e-18  3.1726e-18 1.12245e-18 3.97431e-19  1.4083e-19 4.99409e-20 1.77224e-20 6.29333e-21 2.23628e-21 7.95138e-22 2.82893e-22 1.00705e-22 3.58682e-23 1.27819e-23 4.56378e-24
   0.214519   0.0756576   0.0291331   0.0108498  0.00393628  0.00142397 0.000518778 0.000184576 6.07807e-05 1.79269e-05 4.89301e-06 1.37888e-06 4.30013e-07 1.43366e-07  4.8795e-08 1.66745e-08 5.70916e-09 1.96091e-09 6.75322e-10 2.33258e-10 8.07519e-11 2.80196e-11 9.73224e-12 3.38447e-12 1.17664e-12 4.09281e-13  1.4246e-13 4.96415e-14 1.73317e-14 6.06487e-15 2.12538e-15 7.46786e-16 2.62768e-16 9.25756e-17 3.26606e-17 1.15341e-17 4.07714e-18 1.44254e-18   5.108e-19 1.81012e-19  6.4194e-20 2.27817e-20  8.0904e-21 2.87503e-21 1.02232e-21 3.63742e-22 1.29495e-22 4.61257e-23 1.64384e-23  5.8706e-24
   0.251068   0.0909461   0.0351996   0.0131881  0.00481251   0.0017483 0.000639545  0.00022938 7.68842e-05 2.33136e-05  6.5086e-06 1.81091e-06 5.41529e-07 1.74519e-07 5.84608e-08 1.98727e-08 6.80319e-09 2.34117e-09 8.08655e-10 2.80334e-10 9.73999e-11 3.39139e-11 1.18197e-11 4.12385e-12 1.43767e-12  5.0125e-13 1.74677e-13 6.08889e-14 2.12529e-14 7.43092e-15 2.60184e-15 9.13571e-16 3.21295e-16 1.13152e-16 3.99145e-17 1.40948e-17 4.98221e-18 1.76285e-18 6.24259e-19 2.21233e-19  7.8464e-20 2.78484e-20 9.89047e-21 3.51499e-21    1.25e-21 4.44788e-22 1.58362e-22 5.64144e-23 2.01075e-23 7.18144e-24
   0.285644    0.105512   0.0410688   0.0154898  0.00569024  0.00207789 0.000763874 0.000276479  9.4479e-05 2.95403e-05 8.49849e-06 2.36883e-06 6.84799e-07 2.11895e-07 6.91248e-08 2.32006e-08 7.90442e-09 2.71685e-09 9.39286e-10 3.26373e-10 1.13711e-10 3.97099e-11 1.38827e-11 4.85866e-12 1.69912e-12 5.94156e-13 2.07465e-13  7.2399e-14  2.5274e-14 8.82871e-15 3.08779e-15 1.08284e-15 3.80438e-16 1.33872e-16 4.72039e-17 1.66643e-17 5.88959e-18 2.08392e-18 7.37992e-19 2.61555e-19 9.27741e-20 3.29311e-20 1.16969e-20 4.15743e-21 1.47865e-21 5.26216e-22 1.87377e-22 6.67605e-23  2.3799e-23 8.49795e-24
   0.318819    0.119573   0.0468296   0.0177922  0.00658525  0.00241941 0.000894585 0.000327002 0.000114026 3.68248e-05 1.09836e-05  3.1151e-06 8.85114e-07 2.63474e-07 8.28991e-08 2.71698e-08 9.13336e-09 3.11455e-09 1.07277e-09 3.72414e-10 1.29847e-10 4.54262e-11   1.592e-11 5.58659e-12 1.95991e-12 6.87667e-13 2.40846e-13 8.42547e-14  2.9451e-14 1.02846e-14 3.59409e-15 1.25801e-15 4.41191e-16 1.55007e-16 5.46003e-17 1.92605e-17 6.80376e-18 2.40702e-18 8.52367e-19 3.02091e-19 1.07164e-19 3.80445e-20 1.35148e-20 4.80434e-21 1.70905e-21 6.08314e-22 2.16647e-22 7.72042e-23 2.75279e-23 9.82229e-24
   0.351049    0.133302   0.0525538   0.0201264  0.00751153   0.0027793  0.00103443 0.000382078 0.000135986 4.53913e-05 1.40942e-05 4.12333e-06 1.17639e-06 3.41685e-07 1.03605e-07 3.28513e-08 1.07797e-08  3.6085e-09 1.22729e-09 4.22667e-10   1.467e-10 5.12347e-11 1.79622e-11 6.31196e-12 2.21998e-12 7.81335e-13 2.74657e-13 9.64488e-14 3.38179e-14 1.18282e-14 4.13726e-15 1.44562e-15 5.05812e-16 1.77277e-16 6.23049e-17 2.19363e-17 7.73828e-18 2.73577e-18 9.68337e-19 3.43096e-19 1.21714e-19 4.32151e-20 1.53533e-20 5.45897e-21 1.94242e-21 6.91544e-22 2.46346e-22 8.78109e-23 3.13191e-23 1.11586e-23
     0.3827    0.146844   0.0583031   0.0225196  0.00848187  0.00316383  0.00118617  0.00044286  0.00016084 5.54761e-05 1.79709e-05 5.47846e-06  1.6024e-06 4.64897e-07 1.37751e-07 4.23159e-08 1.34797e-08 4.38495e-09 1.45524e-09 4.91313e-10 1.67828e-10 5.79674e-11 2.01908e-11 7.07231e-12 2.48657e-12 8.76204e-13 3.08888e-13 1.08901e-13 3.83528e-14 1.34706e-14 4.73042e-15 1.65422e-15 5.78289e-16 2.02268e-16 7.08374e-17   2.485e-17 8.73847e-18 3.08244e-18 1.08909e-18 3.85384e-19 1.36651e-19 4.85095e-20 1.72311e-20 6.12758e-21 2.18098e-21 7.76691e-22 2.76758e-22 9.86878e-23 3.52131e-23 1.25116e-23
   0.414072    0.160321   0.0641313   0.0249972  0.00950871  0.00357926  0.00135283 0.000510685 0.000189145 6.73376e-05 2.27643e-05 7.27559e-06 2.21714e-06 6.58728e-07 1.95668e-07 5.92938e-08 1.85014e-08 5.86114e-09 1.88932e-09 6.19428e-10 2.05199e-10 6.89094e-11 2.34485e-11 8.07001e-12 2.80644e-12 9.82586e-13 3.45664e-13 1.21953e-13 4.30734e-14 1.52016e-14 5.36854e-15 1.88695e-15 6.62002e-16 2.31989e-16 8.11033e-17 2.83585e-17 9.92819e-18 3.48493e-18 1.22558e-18 4.31987e-19 1.52803e-19 5.41516e-20 1.92048e-20 6.82632e-21 2.42972e-21   8.653e-22  3.0838e-22 1.10009e-22 3.92731e-23 1.38851e-23
   0.445417    0.173841   0.0700854   0.0275825   0.0106043  0.00403206  0.00153771 0.000587118 0.000221585 8.12755e-05 2.86382e-05 9.61925e-06  3.0846e-06 9.56956e-07 2.92695e-07 9.00107e-08 2.82004e-08 8.88866e-09 2.82954e-09 9.11078e-10 2.93379e-10 9.50311e-11 3.10256e-11 1.02314e-11 3.42718e-12 1.16322e-12 4.00577e-13 1.39357e-13 4.88435e-14 1.72015e-14 6.07893e-15 2.14732e-15 7.57937e-16  2.6731e-16 9.38646e-17 3.29101e-17 1.15187e-17 4.02596e-18 1.40771e-18 4.92927e-19 1.73209e-19 6.10274e-20 2.15205e-20 7.62367e-21 2.70818e-21 9.62716e-22 3.42682e-22 1.22223e-22 4.36406e-23 1.53017e-23
   0.476943    0.187494   0.0762079   0.0302975   0.0117806  0.00452908  0.00174452 0.000673931 0.000258983 9.76719e-05 3.57799e-05 1.26244e-05 4.27827e-06 1.40215e-06 4.50291e-07 1.44145e-07 4.66221e-08 1.50843e-08 4.90054e-09 1.60323e-09 5.19662e-10 1.67616e-10 5.37015e-11 1.70835e-11 5.44673e-12 1.74095e-12 5.65265e-13 1.86338e-13 6.25159e-14 2.13277e-14  7.3499e-15 2.56385e-15 8.98684e-16 3.16316e-16 1.11387e-16 3.92413e-17 1.38059e-17 4.83768e-18 1.69298e-18 5.91708e-19 2.06479e-19 7.21097e-20 2.51864e-20 8.83344e-21 3.11168e-21 1.09716e-21 3.87893e-22 1.37766e-22 4.90375e-23 1.70262e-23
   0.508823    0.201363   0.0825381   0.0331626   0.0130494  0.00507748  0.00197735 0.000773247 0.000302352 0.000117001 4.44208e-05 1.64185e-05 5.88027e-06 2.04537e-06 6.96828e-07 2.35803e-07  8.0241e-08  2.7277e-08 9.29784e-09 3.19196e-09 1.08457e-09 3.65611e-10 1.21623e-10 3.97744e-11 1.28482e-11 4.06797e-12  1.2791e-12 4.00661e-13 1.26328e-13 4.04091e-14 1.29979e-14 4.30229e-15  1.4356e-15 4.84945e-16 1.66041e-16 5.71947e-17 1.98217e-17  6.8883e-18 2.39913e-18 8.36235e-19 2.90509e-19 1.00847e-19 3.50438e-20 1.21448e-20 4.21228e-21  1.4619e-21   5.085e-22 1.77741e-22  6.2161e-23 2.27085e-23
     0.5412    0.215527   0.0891112   0.0361982   0.0144232  0.00568492  0.00224079 0.000887569 0.000352933 0.000139859 5.48563e-05 2.11523e-05 7.98187e-06 2.94554e-06 1.06781e-06 3.84363e-07 1.38746e-07 5.00686e-08  1.8131e-08 6.62233e-09 2.40294e-09 8.67616e-10 3.09954e-10 1.08897e-10 3.76842e-11 1.27665e-11 4.23881e-12 1.38389e-12 4.47854e-13 1.44759e-13 4.63019e-14 1.51566e-14 4.94667e-15 1.62696e-15 5.44547e-16 1.82704e-16 6.19516e-17 2.12493e-17 7.31988e-18 2.53473e-18 8.82428e-19 3.08491e-19 1.08373e-19 3.80709e-20 1.33983e-20 4.73573e-21 1.67344e-21   5.885e-22 2.02533e-22  1.0754e-22
   0.574196    0.230051   0.0959598   0.0394242   0.0159149  0.00635947  0.00253993  0.00101984 0.000412254 0.000167007 6.74593e-05 2.70219e-05 1.06888e-05  4.1692e-06 1.60557e-06 6.14903e-07 2.35778e-07 9.04603e-08 3.48548e-08 1.35541e-08 5.25679e-09  2.0357e-09 7.83542e-10 2.97767e-10 1.11702e-10  4.1106e-11 1.48473e-11 5.26759e-12 1.84464e-12  6.4092e-13 2.19616e-13 7.61853e-14 2.62318e-14 9.05439e-15 3.16481e-15 1.10444e-15 3.88893e-16 1.38513e-16  4.9465e-17 1.78013e-17 6.48871e-18 2.38268e-18 8.80112e-19 3.28894e-19 1.23967e-19 4.70569e-20 1.78994e-20  6.7853e-21 2.52911e-21 1.44805e-21
   0.607914    0.244995    0.103115   0.0428606   0.0175374  0.00710978  0.00288042  0.00117349 0.000482223 0.000199428 8.27188e-05 3.42733e-05 1.41371e-05 5.79399e-06 2.35915e-06 9.58222e-07 3.89434e-07 1.58468e-07 6.47741e-08 2.67015e-08 1.10063e-08 4.53985e-09 1.86774e-09 7.61439e-10 3.07133e-10 1.21878e-10 4.76492e-11 1.83313e-11 6.95517e-12 2.61162e-12 9.67413e-13 3.59599e-13 1.32575e-13 4.88212e-14 1.80956e-14 6.68479e-15 2.48326e-15 9.29552e-16  3.4821e-16 1.31293e-16 5.01006e-17 1.92438e-17  7.4289e-18 2.91027e-18 1.15117e-18  4.5791e-19 1.82986e-19 7.32608e-20 2.91094e-20 1.46111e-20
    0.64243    0.260413    0.110607   0.0465266   0.0193045  0.00794522  0.00326838  0.00135236 0.000565151 0.000238381 0.000101287 4.32374e-05 1.84995e-05 7.91869e-06 3.38761e-06 1.45088e-06 6.22488e-07 2.67589e-07 1.15545e-07 5.02337e-08  2.1863e-08 9.52934e-09 4.14981e-09 1.79478e-09 7.70526e-10 3.26453e-10 1.36567e-10 5.63262e-11 2.29185e-11 9.22342e-12 3.66433e-12 1.45155e-12 5.70247e-13 2.23116e-13 8.74004e-14 3.40855e-14 1.33204e-14 5.22491e-15 2.04808e-15 8.06222e-16 3.20113e-16 1.27705e-16  5.1151e-17 2.07638e-17 8.49748e-18 3.49124e-18 1.43887e-18 5.93375e-19 2.42699e-19 1.06223e-19
   0.677802    0.276355    0.118463    0.050441   0.0212297  0.00887572   0.0037104  0.00156076 0.000663725 0.000285448  0.00012404 5.43754e-05 2.40147e-05 1.06713e-05 4.76481e-06 2.13827e-06 9.63211e-07 4.35254e-07 1.97611e-07  9.0197e-08 4.12256e-08 1.88674e-08 8.63145e-09  3.9275e-09 1.77694e-09 7.95116e-10 3.51928e-10 1.53822e-10  6.6377e-11 2.83343e-11 1.19461e-11 5.00506e-12  2.0797e-12 8.58756e-13 3.53617e-13 1.44886e-13 5.92842e-14  2.4255e-14 9.90546e-15 4.05554e-15 1.67057e-15  6.9046e-16 2.86256e-16 1.19949e-16 5.05812e-17  2.1382e-17  9.0385e-18 3.80413e-18 1.57637e-18 6.14282e-19
    0.71407    0.292861    0.126708   0.0546224   0.0233265  0.00991123  0.00421355  0.00180338 0.000780997 0.000342543 0.000152109 6.83239e-05 3.10254e-05 1.42343e-05 6.59074e-06 3.07829e-06 1.44713e-06 6.83679e-07 3.24761e-07  1.5497e-07 7.40611e-08 3.54235e-08 1.69305e-08 8.05395e-09 3.81062e-09 1.78532e-09 8.28025e-10 3.79531e-10 1.71886e-10  7.7053e-11 3.41281e-11 1.49989e-11   6.538e-12 2.82798e-12 1.21637e-12 5.20294e-13  2.2181e-13 9.43487e-14 4.00338e-14  1.6999e-14 7.24314e-15 3.09393e-15 1.32479e-15 5.71271e-16 2.47329e-16 1.07219e-16 4.63905e-17 1.99112e-17 8.33777e-18 2.98643e-18
   0.751259    0.309969    0.135362   0.0590839   0.0256065   0.0110605  0.00478443  0.00208488 0.000920122 0.000411756 0.000186815 8.58853e-05 3.99956e-05 1.88644e-05 9.00568e-06 4.34849e-06  2.1192e-06 1.04011e-06 5.13882e-07 2.55097e-07 1.26885e-07 6.31581e-08 3.13982e-08 1.55412e-08 7.64674e-09 3.72745e-09 1.79869e-09 8.57936e-10 4.04432e-10 1.88682e-10 8.70021e-11  3.9752e-11 1.80084e-11 8.09166e-12 3.61245e-12 1.60334e-12 7.08326e-13 3.11831e-13 1.36922e-13 6.00739e-14 2.63832e-14 1.16062e-14 5.11599e-15 2.26717e-15 1.00716e-15 4.47577e-16 1.98202e-16 8.68177e-17 3.68013e-17 1.25202e-17
   0.789377    0.327709    0.144438   0.0638325   0.0280766   0.0123292  0.00542769  0.00240866  0.00108352 0.000494793 0.000229339 0.000107844 5.14203e-05 2.48564e-05 1.21762e-05  6.0401e-06 3.02908e-06 1.53223e-06 7.80953e-07 4.00255e-07 2.05681e-07 1.05797e-07 5.43493e-08 2.78082e-08 1.41374e-08 7.12208e-09 3.54969e-09 1.74823e-09  8.5073e-10 4.09399e-10 1.94725e-10 9.16806e-11 4.27803e-11 1.97905e-11 9.09046e-12 4.15123e-12 1.88542e-12 8.52419e-13 3.84291e-13 1.73152e-13 7.81177e-14    3.53e-14 1.59761e-14 7.25162e-15 3.29631e-15 1.49774e-15 6.77126e-16 3.01803e-16 1.28952e-16 4.13522e-17
   0.828409    0.346101    0.153953   0.0688789   0.0307434    0.013723  0.00614703  0.00277734  0.00127284 0.000592759 0.000280451 0.000134741 6.56775e-05 3.24622e-05 1.62594e-05 8.24478e-06  4.2265e-06 2.18593e-06 1.13915e-06 5.97042e-07 3.13782e-07 1.65061e-07 8.67097e-08 4.53691e-08 2.35746e-08 1.21344e-08 6.17529e-09 3.10316e-09 1.53988e-09 7.55358e-10 3.66069e-10 1.75429e-10 8.33155e-11 3.92061e-11 1.83018e-11 8.49383e-12 3.92266e-12 1.80485e-12 8.28603e-13 3.80439e-13 1.75084e-13 8.07734e-14 3.73286e-14 1.72419e-14 7.95564e-15 3.66592e-15 1.68078e-15 7.58395e-16  3.2402e-16 9.63373e-17
   0.868331    0.365168    0.163921   0.0742367   0.0336164   0.0152494  0.00694788  0.00319467  0.00149042 0.000707033 0.000340971 0.000167079 8.30981e-05 4.19109e-05 2.14152e-05 1.10714e-05 5.78225e-06 3.04487e-06 1.61432e-06 8.59875e-07 4.59002e-07 2.45077e-07 1.30579e-07 6.92564e-08 3.64541e-08 1.89878e-08 9.77114e-09 4.95911e-09  2.4824e-09 1.22703e-09 5.98509e-10 2.88638e-10 1.37927e-10 6.52888e-11 3.06824e-11 1.43488e-11  6.6821e-12 3.10654e-12  1.4439e-12 6.71465e-13 3.13006e-13 1.46311e-13 6.85271e-14 3.20674e-14 1.49728e-14 6.97832e-15 3.23692e-15 1.47698e-15 6.33275e-16 1.82731e-16
   0.909104     0.38492    0.174351    0.079913   0.0367024   0.0169147   0.0078361  0.00366498  0.00173934 0.000839555 0.000412081 0.000205543 0.000104078 5.34374e-05 2.77846e-05 1.46054e-05 7.74875e-06 4.14106e-06 2.22559e-06  1.2006e-06 6.48799e-07 3.50505e-07 1.88776e-07 1.01122e-07 5.37036e-08 2.81942e-08 1.46113e-08 7.45776e-09 3.74913e-09 1.85791e-09 9.07006e-10  4.3749e-10 2.09091e-10 9.90066e-11 4.65992e-11 2.18516e-11 1.02176e-11 4.77996e-12 2.23866e-12 1.04859e-12 4.91945e-13 2.31353e-13  1.0891e-13  5.1243e-14 2.40787e-14 1.12939e-14 5.27503e-15 2.42432e-15 1.04165e-15 2.94091e-16
    0.95068    0.405355    0.185246   0.0859098   0.0400057   0.0187229  0.00881521  0.00419121  0.00202169 0.000991672 0.000494578 0.000250573 0.000128821  6.7109e-05 3.53663e-05 1.88184e-05 1.00934e-05 5.44626e-06 2.95168e-06 1.60346e-06 8.70997e-07 4.72084e-07 2.54383e-07 1.35939e-07 7.18383e-08  3.7446e-08 1.92443e-08 9.73975e-09 4.85386e-09 2.38626e-09 1.15681e-09 5.54027e-10 2.63331e-10 1.24203e-10 5.83219e-11 2.73148e-11 1.27702e-11 5.97716e-12 2.80146e-12 1.31211e-12 6.13639e-13 2.86716e-13 1.33846e-13  6.2345e-14 2.89216e-14 1.33613e-14 6.13511e-15 2.76596e-15 1.16191e-15 3.17097e-16
   0.993002    0.426463    0.196606   0.0922269   0.0435256   0.0206749  0.00988583  0.00477391  0.00233789  0.00116362 0.000588519 0.000302141 0.000157236 8.28017e-05 4.40417e-05 2.36159e-05 1.27435e-05 6.90589e-06 3.75219e-06 2.03889e-06 1.10437e-06 5.94958e-07 3.17636e-07  1.6768e-07 8.73982e-08 4.48916e-08 2.27301e-08 1.13499e-08  5.5873e-09 2.71787e-09 1.30689e-09 6.22091e-10 2.94361e-10 1.38502e-10 6.50028e-11 3.04544e-11   1.423e-11 6.63872e-12 3.09473e-12 1.44049e-12 6.68757e-13 3.09502e-13 1.42902e-13 6.56338e-14 2.98873e-14 1.35006e-14 6.03973e-15 2.64697e-15 1.07989e-15 2.84846e-16
      1.036    0.448231    0.208418   0.0988563   0.0472559   0.0227668   0.0110461  0.00541189   0.0026871  0.00135475 0.000693348 0.000359749 0.000188912 0.000100204 5.35862e-05  2.8843e-05 1.55928e-05 8.44577e-06 4.57549e-06 2.47156e-06  1.3262e-06 7.05471e-07 3.71033e-07 1.92599e-07 9.86771e-08 4.98636e-08 2.48619e-08 1.22514e-08  5.9647e-09 2.87448e-09 1.37247e-09 6.50451e-10 3.06759e-10 1.43953e-10 6.73709e-11 3.14723e-11 1.46487e-11 6.78679e-12 3.13223e-12 1.44093e-12 6.60025e-13 3.00631e-13 1.36299e-13 6.13009e-14 2.72428e-14  1.1975e-14 5.19862e-15   2.206e-15 8.70917e-16 2.21936e-16
     1.0796    0.470633    0.220665    0.105782   0.0511858   0.0249907   0.0122908   0.0061019  0.00306686  0.00156328 0.000807723 0.000422357  0.00022309 0.000118798  6.3658e-05 3.42726e-05 1.84893e-05  9.9647e-06 5.35569e-06 2.86099e-06 1.51397e-06 7.92332e-07 4.09594e-07 2.08932e-07 1.05259e-07 5.24021e-08 2.57801e-08  1.2559e-08  6.0585e-09 2.89781e-09 1.37526e-09 6.48912e-10 3.04844e-10 1.42452e-10 6.62329e-11 3.06719e-11 1.41459e-11 6.49131e-12 2.96347e-12 1.34518e-12 6.05097e-13 2.69364e-13 1.18839e-13 5.19365e-14 2.24348e-14 9.57863e-15 4.03556e-15 1.66104e-15 6.36481e-16 1.57655e-16
    1.12369    0.493624    0.233319    0.112985   0.0552988   0.0273343    0.013611   0.0068381  0.00347294  0.00178612 0.000929403 0.000488423 0.000258742 0.000137917 7.38286e-05 3.96228e-05 2.12498e-05 1.13501e-05 6.02812e-06 3.17385e-06 1.65274e-06 8.50182e-07 4.32096e-07 2.16938e-07 1.07699e-07 5.29416e-08 2.57622e-08 1.24306e-08  5.9484e-09 2.82499e-09 1.33198e-09 6.24536e-10 2.91435e-10 1.35213e-10 6.22937e-11 2.85134e-11  1.2978e-11 5.86775e-12 2.63358e-12 1.17235e-12 5.15817e-13 2.24037e-13 9.61934e-14 4.07883e-14 1.70572e-14 7.03509e-15 2.86007e-15 1.13754e-15 4.21836e-16 1.00426e-16
     1.1682    0.517156    0.246349    0.120435    0.059572   0.0297813   0.0149945  0.00761145  0.00389927  0.00201883  0.00105536 0.000555985 0.000294651 0.000156805 8.36197e-05 4.45897e-05  2.3692e-05 1.25043e-05 6.54684e-06 3.39257e-06 1.73812e-06 8.79767e-07 4.40366e-07 2.18088e-07 1.06945e-07 5.20088e-08 2.50734e-08 1.19945e-08 5.69443e-09 2.68338e-09 1.25517e-09 5.83114e-10 2.69218e-10 1.23524e-10 5.62579e-11 2.54177e-11 1.13837e-11 5.04194e-12 2.20806e-12 9.57033e-13 4.09931e-13 1.73269e-13 7.23194e-14 2.97442e-14 1.20405e-14  4.7964e-15 1.87962e-15 7.20734e-16 2.57818e-16 5.86589e-17
    1.21301    0.541171    0.259716      0.1281   0.0639784   0.0323096   0.0164254  0.00841019  0.00433799  0.00225612  0.00118215 0.000622927 0.000329537 0.000174676 9.25521e-05 4.88994e-05 2.56769e-05 1.33684e-05 6.89401e-06 3.51692e-06  1.7748e-06 8.85607e-07 4.37507e-07 2.14157e-07 1.03919e-07 5.00523e-08 2.39147e-08 1.13375e-08 5.33457e-09  2.4907e-09 1.15362e-09 5.29729e-10 2.41248e-10 1.09055e-10  4.8888e-11 2.17097e-11 9.53315e-12 4.12528e-12  1.7587e-12  7.3996e-13 3.07364e-13 1.25946e-13 5.09192e-14 2.02896e-14 7.95658e-15 3.06812e-15 1.16178e-15 4.29802e-16 1.48216e-16  3.2228e-17
    1.25802    0.565587    0.273369     0.13594   0.0684855   0.0348925   0.0178847  0.00922127  0.00477987   0.0024921  0.00130622 0.000687158 0.000362155 0.000190796 0.000100224 5.23619e-05 2.71353e-05 1.39297e-05 7.07823e-06 3.55922e-06 1.77222e-06 8.73431e-07 4.26623e-07 2.06687e-07  9.9322e-08 4.73823e-08 2.24255e-08 1.05247e-08 4.89926e-09 2.26113e-09 1.03431e-09 4.68398e-10 2.09891e-10 9.31337e-11 4.08838e-11 1.77485e-11 7.61156e-12 3.21282e-12 1.33288e-12 5.44079e-13 2.18799e-13  8.6733e-14 3.38898e-14 1.30637e-14 4.96147e-15 1.85379e-15 6.79771e-16 2.43137e-16 8.09948e-17 1.69895e-17
    1.30313     0.59033    0.287247    0.143909   0.0730574   0.0375016   0.0193501   0.0100311  0.00521536  0.00272089  0.00142416 0.000746709 0.000391384 0.000204578 0.000106376 5.48977e-05 2.80689e-05 1.42138e-05 7.12511e-06 3.53703e-06 1.74051e-06 8.48481e-07 4.10198e-07 1.96795e-07 9.36459e-08 4.42186e-08 2.07083e-08 9.60727e-09 4.41512e-09 2.00883e-09  9.0483e-10 4.02884e-10 1.77095e-10  7.6896e-11 3.29584e-11 1.39467e-11  5.8237e-12  2.3916e-12 9.63949e-13 3.81521e-13 1.48549e-13 5.69712e-14 2.15146e-14  8.0136e-15 2.94327e-15  1.0642e-15 3.77816e-16 1.30771e-16 4.21112e-17 8.49041e-18
    1.34824    0.615313    0.301283    0.151957   0.0776561   0.0401071   0.0207981   0.0108236  0.00563576  0.00293728  0.00153297  0.00079989 0.000416352 0.000215659 0.000110916 5.65336e-05 2.85336e-05 1.42681e-05 7.06581e-06 3.46767e-06 1.68826e-06 8.14736e-07 3.89965e-07 1.85214e-07 8.72215e-08 4.07225e-08 1.88422e-08  8.6255e-09  3.9047e-09 1.74691e-09 7.72582e-10 3.37265e-10 1.45047e-10 6.14846e-11 2.56799e-11 1.05724e-11 4.28909e-12 1.70995e-12 6.68557e-13 2.56422e-13 9.66862e-14 3.58876e-14 1.31042e-14  4.7141e-15 1.67225e-15 5.84158e-16 2.00519e-16 6.71228e-17 2.08954e-17 4.05967e-18
    1.39326    0.640441    0.315406    0.160039   0.0822352   0.0426797   0.0222061   0.0115821  0.00603346  0.00313713  0.00163026 0.000845434 0.000436529 0.000223917   0.0001139 5.73699e-05 2.86131e-05 1.41455e-05 6.92891e-06 3.36523e-06 1.62185e-06 7.74916e-07 3.67084e-07 1.72456e-07 8.02822e-08  3.7011e-08 1.68901e-08 7.61438e-09 3.38825e-09 1.48722e-09 6.44225e-10 2.75061e-10 1.15499e-10 4.77049e-11 1.93819e-11 7.75142e-12 3.05101e-12 1.17947e-12  4.4695e-13 1.66039e-13 6.06133e-14 2.17734e-14  7.6904e-15 2.67299e-15 9.15377e-16 3.08634e-16 1.02307e-16 3.30919e-17 9.96145e-18 1.87398e-18
    1.43807    0.665622    0.329541    0.168114   0.0867533   0.0451935   0.0235547   0.0122931  0.00640101  0.00331768  0.00171446 0.000882615 0.000451741 0.000229439 0.000115479 5.75357e-05 2.83916e-05  1.3892e-05 6.73679e-06  3.2398e-06  1.5457e-06 7.30903e-07 3.42409e-07 1.58933e-07   7.304e-08  3.3205e-08   1.492e-08 6.61041e-09 2.88545e-09 1.24021e-09 5.25055e-10 2.18791e-10 8.95502e-11 3.59873e-11 1.42024e-11 5.51053e-12 2.10256e-12 7.87758e-13 2.89233e-13  1.0405e-13  3.6763e-14 1.27763e-14 4.36473e-15 1.46622e-15 4.84713e-16 1.57669e-16 5.04214e-17 1.57392e-17 4.56812e-18 8.14214e-19
    1.48253     0.69079    0.343624    0.176147   0.0911862   0.0476318   0.0248308   0.0129475    0.006731  0.00347654  0.00178506 0.000911385 0.000462173 0.000232463 0.000115846 5.71548e-05 2.79367e-05  1.3541e-05 6.50467e-06 3.09791e-06 1.46274e-06 6.84085e-07 3.16629e-07 1.45009e-07 6.56938e-08 2.94087e-08 1.29894e-08 5.64663e-09 2.41401e-09 1.01435e-09 4.18876e-10 1.70007e-10 6.77235e-11 2.64507e-11 1.01302e-11 3.80959e-12 1.40808e-12 5.11137e-13 1.81832e-13 6.33483e-14 2.16575e-14  7.2777e-15 2.40348e-15 7.80185e-16 2.48972e-16 7.81319e-17 2.40975e-17 7.25305e-18  2.0233e-18 3.35978e-19
    1.52657    0.715822    0.357593    0.184062   0.0955159   0.0499737   0.0260314   0.0135415  0.00701939   0.0036109  0.00184203 0.000932345 0.000468362 0.000233352  0.00011521 5.63327e-05 2.72961e-05 1.31135e-05 6.24156e-06 2.94337e-06 1.37477e-06 6.35441e-07 2.90295e-07 1.31015e-07 5.84086e-08 2.56931e-08 1.11357e-08 4.74393e-09 1.98432e-09 8.14269e-10 3.27628e-10 1.29314e-10 5.00637e-11 1.89875e-11  7.0551e-12 2.57073e-12 9.19927e-13 3.23345e-13 1.11414e-13 3.75853e-14 1.24282e-14 4.03519e-15 1.28724e-15 4.03627e-16 1.24379e-16 3.76936e-17 1.12318e-17 3.26801e-18 8.80691e-19 1.40369e-19
    1.57009    0.740566    0.371313    0.191719   0.0997358   0.0521899   0.0271568    0.014079  0.00726704  0.00371923  0.00188489 0.000946158 0.000470995 0.000232536 0.000113793 5.51661e-05 2.65079e-05 1.26242e-05 5.95319e-06 2.77862e-06 1.28302e-06 5.85646e-07 2.63838e-07 1.17225e-07 5.13524e-08 2.21575e-08 9.40792e-09 3.92199e-09 1.60318e-09 6.41923e-10 2.51563e-10 9.64989e-11  3.6272e-11 1.33502e-11  4.8132e-12 1.70001e-12 5.88833e-13 2.00216e-13 6.67575e-14 2.17966e-14 6.96962e-15 2.18559e-15 6.73101e-16 2.03945e-16 6.07961e-17   1.785e-17 5.16357e-18 1.46232e-18 3.85703e-19  6.1821e-20
    1.61287    0.765163    0.384622    0.199093    0.103817    0.054302   0.0282021   0.0145655  0.00747957  0.00380369  0.00191395 0.000953128 0.000470518 0.000230358 0.000111787 5.37423e-05 2.56047e-05 1.20848e-05 5.64411e-06 2.60608e-06 1.18883e-06  5.3545e-07 2.37698e-07 1.03895e-07 4.46807e-08  1.8889e-08 7.84532e-09 3.19557e-09 1.27488e-09 4.97676e-10 1.89882e-10 7.08058e-11 2.58384e-11 9.22494e-12 3.22559e-12 1.10445e-12 3.70342e-13 1.21741e-13 3.92333e-14 1.23892e-14 3.83287e-15 1.16263e-15 3.46402e-16 1.01662e-16 2.94225e-17  8.4123e-18 2.37904e-18 6.62098e-19 1.73136e-19 2.81017e-20
    1.65508    0.789714    0.397651    0.206229    0.107651   0.0563242   0.0291724   0.0149984  0.00766422  0.00386957  0.00193175 0.000954141 0.000467275 0.000226996 0.000109283 5.21065e-05 2.46033e-05  1.1501e-05 5.31661e-06 2.42776e-06 1.09363e-06   4.857e-07 2.12319e-07 9.12377e-08 3.84943e-08 1.59326e-08 6.46696e-09   2.571e-09 1.00009e-09 3.80342e-10 1.41224e-10 5.12025e-11 1.81464e-11 6.28441e-12 2.12922e-12 7.06061e-13 2.29181e-13 7.28617e-14 2.26951e-14 6.93014e-15 2.07632e-15 6.10893e-16 1.76884e-16 5.05222e-17 1.42759e-17 4.00314e-18 1.11741e-18  3.0953e-19 8.12587e-20 1.32112e-20
    1.69686    0.813721     0.41048    0.213008    0.111217   0.0581511   0.0300844   0.0153887  0.00782166  0.00392096  0.00194185 0.000951142 0.000462036 0.000222715 0.000106376 5.03008e-05 2.35316e-05 1.08877e-05 4.97735e-06 2.24591e-06 9.98432e-07 4.36908e-07 1.87921e-07 7.93353e-08 3.28277e-08    1.33e-08 5.27375e-09 2.04527e-09  7.7522e-10 2.87042e-10 1.03689e-10 3.65508e-11 1.25812e-11 4.22715e-12  1.3877e-12 4.45443e-13 1.39923e-13 4.30547e-14 1.29838e-14 3.84062e-15  1.1158e-15  3.1906e-16 9.01024e-17 2.52414e-17 7.03941e-18 1.96256e-18 5.49284e-19 1.53949e-19 4.12522e-20 6.94427e-21
    1.73811    0.836617    0.422997    0.219499    0.114481   0.0598159   0.0308913   0.0157538  0.00795938  0.00396069  0.00194613 0.000945497 0.000455572 0.000217874 0.000103233 4.84047e-05  2.2433e-05 1.02692e-05 4.63934e-06 2.06638e-06 9.05597e-07  3.9009e-07  1.6492e-07 6.83339e-08 2.77149e-08 1.09894e-08 4.25724e-09 1.61063e-09 5.94734e-10 2.14305e-10  7.5276e-11 2.57887e-11 8.62031e-12 2.81064e-12  8.9458e-13 2.78188e-13 8.46215e-14 2.52165e-14 7.37059e-15 2.11749e-15 5.99433e-16 1.67729e-16 4.66156e-17 1.29439e-17 3.60803e-18 1.01397e-18 2.88457e-19 8.28299e-20 2.28372e-20  3.9251e-21
    1.77881    0.859439    0.435059    0.225814    0.117551   0.0613294   0.0316054   0.0160675  0.00807451  0.00398981  0.00194634 0.000938408 0.000448536 0.000212801 9.99969e-05 4.64772e-05 2.13285e-05 9.65508e-06 4.30803e-06 1.89277e-06 8.17214e-07 3.46318e-07  1.4383e-07 5.84552e-08 2.32213e-08 9.00633e-09 3.40822e-09 1.25803e-09 4.52661e-10 1.58757e-10 5.42274e-11 1.80491e-11 5.85712e-12 1.85317e-12 5.72186e-13 1.72581e-13  5.0936e-14  1.4741e-14 4.19222e-15 1.17571e-15 3.26562e-16 9.02314e-17 2.49538e-17 6.96035e-18 1.96869e-18 5.66814e-19 1.66279e-19 4.93258e-20 1.40715e-20 2.56574e-21
    1.81863     0.88288    0.446536    0.231728    0.120566   0.0627132    0.032246   0.0163175  0.00815853   0.0040087  0.00194196 0.000929656 0.000440966  0.00020754 9.66706e-05 4.44958e-05 2.02124e-05 9.04837e-06 3.98844e-06 1.72803e-06  7.3474e-07 3.06202e-07 1.24884e-07 4.97736e-08  1.9362e-08 7.34334e-09 2.71385e-09 9.77161e-10 3.42633e-10 1.16997e-10 3.88759e-11 1.25753e-11 3.96299e-12 1.21732e-12 3.64941e-13 1.06943e-13 3.07124e-14 8.66964e-15 2.41352e-15 6.66068e-16 1.83376e-16 5.06628e-17 1.41434e-17 4.02005e-18 1.16778e-18 3.47051e-19 1.05356e-19 3.23722e-20 9.58411e-21 1.84958e-21
    1.85712    0.904435    0.457876    0.237251    0.123345   0.0640927   0.0328179   0.0165215  0.00822518  0.00401897  0.00193249 0.000918118  0.00043213 0.000201769 9.31916e-05  4.2482e-05 1.91039e-05 8.45789e-06 3.68349e-06 1.57388e-06 6.58888e-07 2.69985e-07 1.08118e-07  4.2252e-08 1.60953e-08 5.97039e-09 2.15543e-09 7.57283e-10  2.5882e-10 8.60615e-11 2.78287e-11 8.75494e-12 2.68208e-12 8.00938e-13 2.33601e-13 6.67008e-14 1.87183e-14 5.18612e-15 1.42526e-15 3.91112e-16 1.08002e-16 3.02128e-17 8.61763e-18 2.51925e-18 7.55006e-19 2.31477e-19 7.23889e-20 2.28959e-20 6.97684e-21  1.3888e-21
     1.8935    0.925042    0.469215    0.242735    0.125919   0.0652395   0.0333426   0.0166937  0.00827495  0.00402329  0.00192024 0.000905222 0.000422609 0.000195692 8.96393e-05    4.05e-05 1.80356e-05 7.89563e-06 3.39476e-06 1.42969e-06    5.89e-07 2.37206e-07  9.3251e-08 3.57304e-08 1.33294e-08 4.83635e-09 1.70609e-09 5.85113e-10    1.95e-10 6.31654e-11 1.98855e-11 6.08984e-12 1.81622e-12 5.28431e-13 1.50433e-13 4.20468e-14 1.16001e-14 3.17867e-15 8.70512e-16 2.40079e-16 6.72115e-17 1.92138e-17 5.63188e-18  1.6976e-18 5.24581e-19 1.65418e-19  5.2986e-20 1.70924e-20 5.29169e-21 1.05661e-21
    1.92862    0.946456    0.480167    0.248132    0.128388   0.0662224   0.0337858   0.0168379  0.00830007  0.00401836  0.00190647 0.000892228 0.000413168 0.000189702  8.6129e-05 3.85452e-05 1.69865e-05 7.35052e-06 3.11964e-06 1.29588e-06 5.25635e-07 2.08092e-07  8.0315e-08 3.01754e-08 1.10262e-08 3.91418e-09 1.34941e-09 4.51789e-10 1.46861e-10 4.63708e-11 1.42241e-11 4.24577e-12 1.23517e-12 3.51125e-13 9.79454e-14 2.69405e-14 7.35766e-15 2.01096e-15 5.54021e-16 1.55079e-16 4.44307e-17 1.30751e-17 3.95486e-18 1.22744e-18 3.89074e-19 1.25346e-19 4.08364e-20 1.33341e-20 4.16584e-21 8.41124e-22
    1.96338    0.966011    0.490878    0.253339    0.130774   0.0672545   0.0341646   0.0169594  0.00831034  0.00400262  0.00188966 0.000878561 0.000403653 0.000183771 8.26979e-05 3.66553e-05 1.59747e-05 6.82954e-06 2.85994e-06 1.17215e-06 4.68524e-07 1.82466e-07 6.91764e-08 2.54955e-08 9.12837e-09 3.17164e-09 1.06901e-09 3.49529e-10 1.10876e-10 3.41514e-11  1.0218e-11 2.97757e-12  8.4705e-13 2.36119e-13 6.48685e-14 1.76742e-14 4.81634e-15 1.32468e-15   3.704e-16 1.05998e-16 3.12006e-17 9.44843e-18 2.93615e-18 9.31843e-19  3.0059e-19 9.82221e-20 3.23967e-20 1.06954e-20 3.37543e-21 6.89908e-22
    1.99722    0.984165    0.501476    0.258487    0.133099   0.0681998   0.0345137   0.0170568  0.00831317  0.00398185  0.00187029 0.000863859 0.000393846  0.00017781 7.93165e-05 3.48255e-05 1.50193e-05 6.34637e-06 2.62276e-06 1.05976e-06 4.17303e-07 1.59905e-07 5.95713e-08 2.15482e-08 7.56349e-09 2.57354e-09 8.48607e-10 2.71168e-10  8.4013e-11 2.52713e-11 7.38633e-12 2.10588e-12 5.87601e-13 1.61294e-13 4.38863e-14 1.19255e-14  3.2675e-15 9.11247e-16 2.60219e-16 7.63601e-17 2.30471e-17 7.13686e-18 2.25769e-18 7.26689e-19 2.36949e-19 7.81316e-20 2.60162e-20 8.68487e-21 2.77245e-21 5.73941e-22
    2.03023     1.00215    0.511231    0.263419    0.135348   0.0691178   0.0348698   0.0171481  0.00831106  0.00395835  0.00184802 0.000848108 0.000383813 0.000171853 7.59771e-05 3.30258e-05 1.40974e-05   5.893e-06 2.40659e-06 9.58829e-07 3.71987e-07 1.40287e-07  5.1379e-08 1.82506e-08 6.28414e-09  2.0955e-09 6.76558e-10 2.11496e-10 6.40783e-11  1.8855e-11 5.39567e-12 1.50958e-12  4.1479e-13 1.12685e-13 3.05482e-14 8.33395e-15 2.31086e-15 6.56837e-16 1.92081e-16 5.77873e-17 1.78323e-17  5.6194e-18 1.79964e-18 5.84826e-19   1.923e-19 6.39293e-20 2.14844e-20 7.25077e-21 2.34095e-21 4.92202e-22
    2.06226      1.0188    0.519916    0.267946    0.137599   0.0700489   0.0352518   0.0172579  0.00831041  0.00393629  0.00182552  0.00083212 0.000373694 0.000165901 7.26913e-05 3.12954e-05 1.32152e-05 5.46493e-06 2.20715e-06 8.67808e-07 3.31868e-07 1.23238e-07 4.43968e-08 1.54974e-08 5.23889e-09  1.7137e-09 5.42332e-10 1.66063e-10 4.92791e-11 1.42139e-11 3.99371e-12 1.10058e-12  2.9921e-13 8.09103e-14 2.19925e-14 6.06125e-15 1.70923e-15 4.96366e-16 1.48576e-16 4.57106e-17 1.43778e-17  4.5968e-18 1.48681e-18 4.86837e-19 1.61336e-19 5.40902e-20 1.83314e-20 6.23324e-21 2.02364e-21 4.25977e-22
     2.0937      1.0345    0.528289    0.272189    0.139803   0.0709189    0.035635   0.0173838  0.00832391  0.00391899  0.00180587 0.000817262 0.000364029 0.000160162 6.95193e-05 2.96465e-05 1.23866e-05 5.06501e-06 2.02202e-06 7.84922e-07 2.96015e-07 1.08295e-07 3.83997e-08 1.31818e-08 4.37877e-09 1.40666e-09 4.37055e-10  1.3136e-10 3.82727e-11  1.0851e-11 3.00387e-12 8.18889e-13 2.21423e-13 5.99545e-14 1.64365e-14 4.59903e-15 1.32329e-15 3.93101e-16 1.20322e-16 3.77457e-17 1.20516e-17 3.89408e-18 1.26818e-18 4.17931e-19  1.3958e-19 4.72098e-20 1.61222e-20 5.50338e-21 1.78771e-21 3.77553e-22
    2.12492     1.05059    0.536608    0.276381    0.141891   0.0717927   0.0359898   0.0175065  0.00834578  0.00390625  0.00178909 0.000803868 0.000355209 0.000154872  6.6559e-05 2.80916e-05 1.16134e-05 4.69462e-06 1.85149e-06 7.09681e-07 2.64008e-07 9.51948e-08 3.32422e-08 1.12308e-08 3.66882e-09 1.15851e-09  3.5392e-10 1.04655e-10  3.0029e-11 8.39877e-12 2.30077e-12 6.23425e-13 1.68566e-13 4.59616e-14 1.27732e-14 3.64149e-15 1.07054e-15 3.24986e-16  1.0145e-16 3.23466e-17 1.04519e-17 3.40495e-18 1.11482e-18 3.70044e-19 1.24741e-19 4.26165e-20   1.466e-20 5.01059e-21 1.62546e-21 3.46292e-22
    2.15566     1.06739    0.545054    0.280507     0.14391   0.0726703    0.036314   0.0176131  0.00836181  0.00389265  0.00177205 0.000790708 0.000346698 0.000149796 6.37327e-05 2.66211e-05 1.08846e-05 4.34881e-06 1.69398e-06 6.41236e-07 2.35378e-07 8.36753e-08  2.8787e-08 9.57729e-09 3.07929e-09 9.56773e-10 2.87715e-10 8.38435e-11 2.37528e-11 6.57695e-12 1.79109e-12 4.84749e-13  1.3171e-13 3.63299e-14 1.02762e-14 2.99301e-15 8.98943e-16 2.77957e-16 8.80668e-17 2.84259e-17 9.28477e-18 3.05126e-18 1.00597e-18 3.36878e-19 1.14708e-19 3.95762e-20 1.36872e-20 4.66596e-21 1.50721e-21 3.22415e-22
    2.18575     1.08429    0.553728    0.284647    0.145965   0.0735347   0.0366145   0.0176988  0.00836452  0.00387285  0.00175223 0.000776475 0.000337815 0.000144628 6.09095e-05 2.51818e-05  1.0181e-05 4.01929e-06 1.54598e-06 5.77744e-07 2.09234e-07 7.33375e-08  2.4858e-08 8.14456e-09 2.57864e-09 7.89136e-10 2.33853e-10 6.72567e-11 1.88503e-11 5.18179e-12 1.40804e-12 3.82443e-13 1.04931e-13 2.94002e-14 8.48528e-15 2.52747e-15  7.7542e-16 2.43938e-16  7.8309e-17 2.55412e-17 8.42227e-18 2.79171e-18 9.26707e-19 3.11321e-19 1.06251e-19 3.66993e-20 1.27119e-20 4.33857e-21 1.40507e-21 3.06326e-22
    2.21445     1.10023    0.562057    0.288681    0.147973   0.0743946    0.036903   0.0177724  0.00835937  0.00384955   0.0017311 0.000761682 0.000328771 0.000139497 5.81552e-05 2.37858e-05 9.50781e-06 3.70849e-06 1.40837e-06 5.19333e-07 1.85476e-07  6.4078e-08  2.1395e-08 6.90238e-09 2.15186e-09 6.48754e-10 1.89589e-10 5.38783e-11 1.49657e-11  4.0942e-12 1.11335e-12 3.04695e-13 8.47901e-14 2.42131e-14 7.13546e-15 2.17038e-15 6.79061e-16 2.17317e-16 7.07305e-17 2.33197e-17 7.75658e-18 2.59089e-18 8.65184e-19 2.88692e-19 9.75551e-20 3.33084e-20   1.149e-20 3.95164e-21 1.29764e-21 2.92203e-22
    2.24175     1.11505    0.569731    0.292415    0.149747   0.0752081    0.037191   0.0178479  0.00835686  0.00382862  0.00171165 0.000747895 0.000320284 0.000134721 5.56262e-05 2.25112e-05 8.89707e-06 3.42888e-06 1.28581e-06 4.67853e-07 1.64765e-07 5.61014e-08 1.84541e-08 5.86395e-09 1.80076e-09 5.35123e-10 1.54352e-10 4.34013e-11 1.19717e-11 3.26847e-12 8.92388e-13 2.46846e-13 6.98367e-14 2.03507e-14 6.12575e-15 1.90072e-15 6.04888e-16  1.9622e-16  6.4538e-17 2.14585e-17 7.19157e-18 2.41852e-18 8.13467e-19 2.71438e-19 9.12765e-20 3.09485e-20 1.06203e-20 3.66178e-21 1.21526e-21 2.81341e-22
    2.26852     1.12882    0.577014    0.295977    0.151363   0.0759351    0.037485   0.0179334  0.00836045   0.0038114  0.00169462 0.000735691 0.000312735 0.000130454 5.33646e-05  2.1377e-05 8.35746e-06 3.18369e-06  1.1793e-06  4.2361e-07 1.47178e-07 4.94144e-08 1.60248e-08 5.02004e-09 1.52046e-09 4.46093e-10 1.27257e-10 3.54928e-11 9.75254e-12 2.66708e-12 7.34075e-13 2.05818e-13 5.92711e-14 1.76192e-14 5.41342e-15 1.71185e-15 5.53502e-16  1.8172e-16  6.0294e-17 2.01548e-17  6.7727e-18  2.2827e-18  7.7021e-19 2.59815e-19 8.82017e-20 3.01629e-20 1.03913e-20 3.58342e-21 1.19452e-21 2.82017e-22
    2.29514     1.14273    0.584209    0.299317    0.152975   0.0766124   0.0377554   0.0180277  0.00836918   0.0037973  0.00167959 0.000724765 0.000305996 0.000126636  5.1328e-05 2.03558e-05   7.875e-06 2.96652e-06 1.08595e-06 3.85277e-07 1.32142e-07 4.37762e-08 1.40062e-08 4.32981e-09 1.29503e-09 3.75738e-10 1.06235e-10 2.94666e-11 8.08997e-12 2.22332e-12  6.1876e-13 1.76262e-13 5.17185e-14 1.56643e-14 4.89231e-15 1.56857e-15 5.13622e-16 1.70644e-16 5.71907e-17  1.9245e-17 6.48063e-18 2.18619e-18 7.38269e-19 2.50527e-19 8.56327e-20 2.94711e-20 1.02036e-20 3.53302e-21 1.18502e-21 2.83311e-22
    2.32151     1.15775    0.591466    0.302564    0.154586   0.0773073   0.0380061   0.0181152  0.00837833  0.00378565  0.00166668 0.000715066 0.000299967 0.000123225 4.95133e-05 1.94483e-05   7.448e-06 2.77549e-06 1.00448e-06 3.52147e-07 1.19299e-07 3.90251e-08 1.23279e-08  3.7638e-09  1.1129e-09 3.19768e-10 8.97774e-11 2.48236e-11 6.82801e-12 1.89084e-12 5.33152e-13 1.54426e-13 4.61429e-14 1.42189e-14 4.50606e-15 1.46161e-15  4.8256e-16 1.61198e-16 5.42318e-17 1.83307e-17 6.21235e-18 2.10927e-18 7.17315e-19 2.44505e-19 8.38846e-20 2.89442e-20 1.00298e-20 3.47336e-21 1.16585e-21 2.76165e-22
    2.34727     1.17269     0.59856    0.305936    0.156116   0.0780113   0.0382706   0.0181976   0.0083867  0.00377456  0.00165462 0.000706013 0.000294337 0.000120117 4.79063e-05  1.8646e-05 7.07168e-06 2.60794e-06 9.33463e-07 3.23536e-07 1.08331e-07 3.50188e-08  1.0932e-08 3.29986e-09 9.65845e-10  2.7527e-10 7.68907e-11 2.12393e-11  5.8662e-12 1.64013e-12 4.69051e-13 1.38138e-13 4.19701e-14 1.31279e-14 4.21309e-15 1.38119e-15 4.59515e-16 1.54129e-16 5.19352e-17  1.7567e-17 5.96519e-18 2.03196e-18 6.93936e-19 2.37796e-19 8.19316e-20 2.83792e-20 9.85715e-21  3.4142e-21 1.14522e-21 2.70062e-22
    2.37334     1.18792    0.605591    0.309156    0.157583   0.0786784   0.0385273   0.0182919  0.00840153  0.00376571   0.0016434 0.000697577 0.000289093  0.00011724 4.64419e-05 1.79242e-05 6.73548e-06 2.45947e-06  8.7111e-07 2.98652e-07 9.88917e-08 3.16108e-08 9.75989e-09 2.91574e-09 8.45913e-10 2.39522e-10  6.6697e-11 1.84465e-11 5.12612e-12 1.44858e-12  4.2008e-13 1.25718e-13 3.87928e-14 1.22959e-14 3.98659e-15 1.31729e-15 4.40987e-16 1.48653e-16 5.02847e-17 1.70536e-17 5.79968e-18 1.97847e-18  6.7663e-19  2.3217e-19  8.0096e-20 2.77653e-20 9.66044e-21 3.35771e-21 1.13042e-21 2.67839e-22
    2.40044     1.20389     0.61284     0.31232    0.158927   0.0793157   0.0387699   0.0183869   0.0084201  0.00375951  0.00163427 0.000690433 0.000284555  0.00011468  4.5106e-05 1.72703e-05 6.43324e-06 2.32714e-06 8.16068e-07  2.7691e-07  9.0734e-08 2.86988e-08 8.77058e-09 2.59571e-09 7.47347e-10 2.10547e-10   5.855e-11  1.6245e-11 4.54991e-12 1.30084e-12 3.82493e-13 1.16074e-13 3.62648e-14 1.16188e-14 3.80464e-15 1.26788e-15  4.2675e-16 1.44122e-16 4.87577e-17 1.65511e-17 5.65082e-18 1.93705e-18 6.65917e-19 2.28793e-19 7.89522e-20 2.73614e-20 9.52228e-21 3.31466e-21 1.11738e-21 2.64163e-22
    2.42768     1.21916    0.620573    0.315518    0.160204    0.079895   0.0389821   0.0184796   0.0084411  0.00375585  0.00162684 0.000684278  0.00028054 0.000112393 4.39095e-05 1.66858e-05 6.16438e-06 2.21047e-06  7.6806e-07 2.58152e-07 8.37722e-08 2.62399e-08 7.94522e-09 2.33227e-09 6.67227e-10 1.87285e-10 5.20871e-11 1.45174e-11 4.10226e-12 1.18716e-12 3.53788e-13 1.08684e-13 3.43012e-14 1.10755e-14 3.64916e-15 1.22215e-15 4.13092e-16 1.39955e-16 4.74434e-17 1.61218e-17 5.50875e-18 1.89062e-18 6.50948e-19 2.24434e-19 7.76939e-20 2.70104e-20  9.4182e-21 3.27944e-21 1.10504e-21 2.59888e-22
    2.45448     1.23361     0.62869    0.318561    0.161524   0.0803654   0.0391583   0.0185607  0.00846124  0.00375267  0.00162064 0.000679148 0.000277048 0.000110366 4.28421e-05  1.6164e-05 5.92534e-06 2.10751e-06 7.26129e-07 2.41941e-07 7.78182e-08 2.41579e-08 7.25417e-09 2.11442e-09 6.01822e-10 1.68542e-10 4.69402e-11 1.31548e-11 3.75194e-12 1.09867e-12 3.31459e-13  1.0297e-13 3.27942e-14 1.06563e-14  3.5233e-15 1.18236e-15 4.00629e-16 1.36204e-16 4.63223e-17 1.57676e-17 5.38495e-18 1.84625e-18   6.349e-19 2.19417e-19 7.61927e-20 2.65769e-20 9.28606e-21 3.23248e-21 1.08699e-21 2.52584e-22
    2.48088     1.24821    0.636727    0.322008     0.16287   0.0808163   0.0393191   0.0186116  0.00847638  0.00374871  0.00161515  0.00067487 0.000274064 0.000108593 4.18968e-05    1.57e-05 5.71321e-06 2.01641e-06 6.89175e-07 2.27717e-07 7.26459e-08 2.23761e-08 6.67093e-09  1.9331e-09 5.48155e-10 1.53385e-10 4.28325e-11   1.208e-11 3.47814e-12 1.02982e-12 3.14049e-13 9.84773e-14 3.15927e-14 1.03171e-14 3.42069e-15 1.14971e-15 3.90338e-16 1.33086e-16  4.5388e-17 1.54792e-17 5.28959e-18 1.81374e-18 6.23497e-19 2.15351e-19 7.47552e-20 2.60627e-20 9.10231e-21 3.16636e-21  1.0621e-21 2.43851e-22
    2.50593     1.26223    0.644639    0.326099    0.164328   0.0813604   0.0394615   0.0186463  0.00848612  0.00374501   0.0016099 0.000670735 0.000271299 0.000106946 4.10212e-05 1.52876e-05 5.52463e-06 1.93568e-06 6.56632e-07 2.15275e-07 6.81619e-08 2.08526e-08 6.17939e-09 1.78245e-09 5.04186e-10 1.41138e-10  3.9558e-11 1.12342e-11 3.26507e-12 9.76615e-13 3.00631e-13 9.49967e-14 3.06506e-14 1.00477e-14 3.33852e-15 1.12329e-15 3.81875e-16 1.30482e-16 4.45996e-17  1.5237e-17 5.21122e-18 1.78744e-18 6.14422e-19 2.12005e-19  7.3514e-20 2.55954e-20 8.92841e-21 3.10283e-21 1.03831e-21 2.36115e-22
    2.52993     1.27571    0.652702    0.330454    0.165908   0.0820164   0.0396136   0.0186892  0.00848903   0.0037386  0.00160383 0.000666508 0.000268698 0.000105454 4.02383e-05 1.49299e-05 5.36133e-06 1.86565e-06 6.28506e-07 2.04626e-07 6.43534e-08 1.95656e-08  5.7674e-09 1.65733e-09 4.68042e-10 1.31174e-10 3.69228e-11 1.05602e-11 3.09647e-12 9.34602e-13 2.89982e-13 9.22128e-14 2.98893e-14  9.8301e-15 3.27414e-15 1.10335e-15 3.75453e-16 1.28382e-16 4.39106e-17 1.50066e-17 5.13145e-18 1.75891e-18 6.04088e-19 2.08454e-19 7.22802e-20 2.51583e-20 8.76435e-21 3.03785e-21 1.01236e-21 2.27036e-22
    2.55425     1.28897    0.660737    0.334764    0.167689   0.0827989   0.0398104   0.0187313  0.00849105  0.00372973  0.00159664 0.000662024 0.000266199 0.000104162 3.95925e-05 1.46225e-05 5.22089e-06 1.80521e-06 6.04238e-07  1.9548e-07 6.11023e-08 1.84735e-08 5.42088e-09 1.55317e-09 4.38273e-10 1.23056e-10 3.48005e-11 1.00241e-11 2.96386e-12 9.01777e-13 2.81677e-13 9.00302e-14 2.92859e-14 9.65723e-15 3.22432e-15 1.08848e-15 3.70664e-16 1.26737e-16 4.33369e-17 1.48032e-17 5.05736e-18 1.73119e-18 5.93609e-19 2.04758e-19 7.09679e-20 2.46845e-20 8.58639e-21 2.96827e-21 9.85128e-22 2.18338e-22
     2.5772     1.30136    0.667745     0.33892    0.169527   0.0836849   0.0401061   0.0187851  0.00849861  0.00372122  0.00158862 0.000657117 0.000263614 0.000102922 3.90091e-05 1.43453e-05 5.09957e-06 1.75377e-06 5.83617e-07 1.87711e-07 5.83477e-08 1.75522e-08 5.13068e-09 1.46677e-09 4.13851e-10 1.16472e-10 3.31013e-11 9.60143e-12 2.86087e-12 8.76544e-13 2.75326e-13 8.83874e-14 2.88411e-14 9.53281e-15 3.18961e-15 1.07853e-15 3.67537e-16 1.25659e-16 4.29548e-17 1.46673e-17 5.00837e-18 1.71292e-18 5.86564e-19 2.01744e-19 6.97086e-20 2.41649e-20 8.38691e-21  2.8974e-21 9.60215e-22 2.11866e-22
    2.59722     1.31355    0.673669    0.342875    0.171314   0.0845657   0.0405044   0.0188921   0.0085235  0.00371842  0.00158128 0.000652164 0.000260969 0.000101634 3.84102e-05 1.40736e-05 4.98911e-06 1.70913e-06 5.66108e-07 1.81174e-07 5.60447e-08  1.6785e-08  4.8899e-09 1.39541e-09 3.93842e-10 1.11126e-10 3.17364e-11 9.26572e-12 2.77998e-12 8.56929e-13 2.70408e-13 8.71481e-14 2.85189e-14 9.44675e-15 3.16656e-15 1.07217e-15 3.65652e-16 1.25057e-16 4.27553e-17 1.45966e-17 4.98096e-18 1.70197e-18 5.82075e-19 1.99467e-19 6.86298e-20 2.36819e-20 8.19712e-21 2.83249e-21  9.3876e-22 2.06948e-22
    2.61521     1.32551    0.679304    0.346429    0.173188   0.0853837   0.0409414   0.0190359  0.00857893  0.00372764   0.0015774 0.000648256 0.000258599 0.000100372 3.78058e-05 1.38067e-05 4.88176e-06 1.66731e-06 5.50359e-07 1.75461e-07 5.40842e-08 1.61492e-08 4.69306e-09 1.33756e-09 3.77795e-10 1.06896e-10  3.0673e-11 9.00834e-12 2.71894e-12 8.42293e-13 2.66726e-13 8.62279e-14 2.82792e-14 9.38328e-15 3.15054e-15 1.06801e-15 3.64515e-16 1.24737e-16 4.26627e-17 1.45606e-17 4.96173e-18  1.6927e-18 5.77935e-19 1.97689e-19 6.78474e-20  2.3343e-20 8.06372e-21 2.78616e-21 9.23457e-22 2.03702e-22
    2.63137      1.3355    0.684788    0.349671    0.174965   0.0861472   0.0413693    0.019192   0.0086583  0.00375133  0.00158049 0.000646957 0.000257012 9.93142e-05 3.72539e-05 1.35521e-05 4.77552e-06 1.62586e-06 5.35065e-07 1.70082e-07 5.23052e-08 1.56014e-08 4.53015e-09 1.29119e-09 3.65303e-10 1.03727e-10 2.99098e-11 8.83382e-12 2.68083e-12  8.3404e-13 2.64861e-13  8.5784e-14 2.81598e-14 9.34946e-15 3.14183e-15 1.06534e-15 3.63544e-16 1.24348e-16 4.25036e-17 1.44992e-17 4.93879e-18 1.68409e-18 5.74704e-19 1.96434e-19 6.73268e-20 2.31225e-20 7.97705e-21  2.7559e-21  9.1334e-22 2.01506e-22
      2.645     1.34288    0.689946    0.352508    0.176446   0.0868281   0.0417506   0.0193677  0.00874105  0.00378316  0.00159082 0.000649028 0.000256673 9.87506e-05 3.68947e-05 1.33522e-05 4.68265e-06 1.58762e-06 5.20555e-07 1.64971e-07 5.06168e-08 1.50838e-08 4.37944e-09  1.2494e-09  3.5438e-10 1.01067e-10 2.93052e-11 8.70916e-12 2.65933e-12 8.31728e-13 2.65253e-13 8.60613e-14 2.82727e-14 9.38984e-15 3.15573e-15 1.06939e-15 3.64168e-16 1.24155e-16 4.22944e-17 1.44053e-17 4.91179e-18 1.67686e-18 5.72882e-19 1.95582e-19 6.69106e-20  2.2927e-20 7.89697e-21 2.72741e-21 9.03073e-22 1.98311e-22
    2.65539     1.34863    0.694062    0.354564    0.177606   0.0874036   0.0420618   0.0195272  0.00881678  0.00381498   0.0016036 0.000653234 0.000257552 9.88044e-05 3.68201e-05  1.3269e-05 4.62918e-06 1.56148e-06 5.09489e-07 1.60716e-07 4.91207e-08 1.45975e-08 4.23386e-09 1.20834e-09 3.43529e-10  9.8376e-11 2.86777e-11 8.57419e-12 2.63407e-12 8.28487e-13  2.6559e-13 8.64605e-14 2.84735e-14 9.47723e-15 3.19123e-15 1.08274e-15 3.68291e-16 1.25134e-16 4.24749e-17 1.44334e-17  4.9198e-18 1.67953e-18 5.73764e-19 1.95484e-19 6.66949e-20 2.27822e-20 7.82979e-21 2.70142e-21 8.92325e-22 1.94274e-22
    2.66073     1.35263    0.696249    0.355851     0.17834   0.0877495   0.0422888   0.0196485  0.00887441  0.00384189    0.001614 0.000657383 0.000258949 9.91617e-05 3.68933e-05  1.3278e-05  4.6168e-06 1.55134e-06  5.0422e-07 1.58371e-07 4.82149e-08 1.42822e-08 4.13468e-09 1.17921e-09 3.35281e-10 9.61334e-11 2.80838e-11 8.41724e-12 2.59423e-12 8.19306e-13 2.63602e-13  8.6146e-14 2.84648e-14 9.50186e-15 3.20549e-15 1.08878e-15  3.7057e-16 1.25933e-16 4.27539e-17 1.45245e-17  4.9459e-18 1.68682e-18 5.75797e-19  1.9631e-19 6.70088e-20 2.28986e-20 7.86983e-21 2.71269e-21 8.94385e-22 1.95083e-22
    2.66339     1.35311    0.696024    0.356327    0.178566   0.0878606   0.0423921   0.0197235  0.00890214  0.00385665  0.00161943 0.000659794 0.000259964 9.94329e-05 3.69569e-05 1.32919e-05 4.61388e-06 1.54757e-06 5.02254e-07 1.57644e-07 4.79526e-08 1.41919e-08 4.10769e-09 1.17234e-09 3.33647e-10 9.58374e-11   2.806e-11  8.4283e-12 2.60403e-12 8.24812e-13 2.66022e-13 8.69754e-14 2.87324e-14 9.54617e-15 3.18978e-15 1.07543e-15 3.65255e-16 1.24381e-16  4.2333e-17 1.44108e-17 4.91098e-18 1.67622e-18 5.72799e-19 1.96042e-19 6.72076e-20 2.30737e-20 7.95749e-21 2.74429e-21 9.04083e-22 1.97873e-22
     2.6746     1.35347    0.693098    0.355482    0.178191   0.0876915   0.0423261    0.019704  0.00889134  0.00385379  0.00161849 0.000659677 0.000259942 9.93655e-05 3.69137e-05 1.32534e-05 4.59926e-06 1.54147e-06 4.99778e-07 1.56867e-07 4.77419e-08  1.4146e-08 4.10498e-09 1.17635e-09  3.3633e-10 9.71202e-11 2.85758e-11 8.61981e-12 2.67369e-12  8.5016e-13 2.75177e-13 9.00447e-14 2.97475e-14 9.85052e-15 3.26798e-15 1.09526e-15 3.71106e-16 1.26492e-16 4.31421e-17 1.47197e-17 5.02572e-18 1.71837e-18 5.88275e-19 2.01795e-19 6.93457e-20 2.38619e-20 8.19986e-21 2.80004e-21  9.1408e-22 1.97825e-22
    2.69754     1.36085    0.692582    0.354519    0.177366   0.0871144   0.0420124   0.0195514  0.00882949  0.00382849   0.0016082 0.000655683 0.000258301 9.86816e-05  3.6634e-05 1.31359e-05 4.55912e-06 1.52738e-06 4.94704e-07  1.5517e-07 4.72246e-08 1.40057e-08 4.07473e-09 1.17265e-09 3.36756e-10 9.77042e-11 2.88847e-11 8.75096e-12 2.72501e-12 8.69764e-13 2.82589e-13 9.28134e-14 3.07564e-14 1.02239e-14 3.40617e-15 1.14432e-15 3.88052e-16 1.32335e-16 4.51963e-17 1.54448e-17 5.28032e-18 1.80727e-18 6.19248e-19 2.12488e-19 7.30198e-20 2.51177e-20 8.59353e-21 2.90912e-21 9.42943e-22 2.04888e-22
    2.72543     1.37542    0.698097    0.355955    0.177366   0.0868084   0.0417549   0.0194029  0.00876065  0.00379629  0.00159343 0.000649203 0.000255536 9.75163e-05 3.61563e-05 1.29513e-05 4.48978e-06  1.5023e-06 4.85966e-07 1.52326e-07 4.63451e-08 1.37467e-08 4.00379e-09 1.15476e-09  3.3256e-10 9.68021e-11 2.87279e-11 8.73815e-12 2.72947e-12 8.72861e-13 2.84064e-13 9.34678e-14 3.10172e-14 1.03291e-14 3.44798e-15 1.15947e-15 3.93237e-16 1.34099e-16 4.58176e-17 1.56652e-17 5.35718e-18 1.83363e-18 6.28235e-19 2.15533e-19 7.40348e-20 2.54496e-20 8.71153e-21 2.95312e-21 9.57414e-22 2.07703e-22
    2.75516     1.39332    0.706994    0.360036     0.17903   0.0873843   0.0419233   0.0194426   0.0087643  0.00379301  0.00158994 0.000646902 0.000254298 9.69058e-05 3.58738e-05 1.28316e-05  4.4418e-06 1.48432e-06 4.79595e-07 1.50191e-07 4.56734e-08 1.35487e-08 3.94897e-09 1.14066e-09 3.29275e-10 9.61192e-11 2.86105e-11 8.72722e-12 2.73238e-12 8.75316e-13 2.85293e-13 9.39877e-14 3.12173e-14  1.0406e-14 3.47666e-15 1.16918e-15 3.96288e-16 1.35032e-16 4.61115e-17 1.57598e-17 5.38743e-18  1.8429e-18 6.30981e-19 2.16293e-19  7.4217e-20 2.54806e-20 8.71736e-21 2.95446e-21 9.56013e-22 2.05153e-22
    2.78551     1.41269    0.717436    0.365532    0.181783   0.0886533   0.0424753    0.019676  0.00885927  0.00383114  0.00160433  0.00065204 0.000256059 9.74641e-05 3.60332e-05 1.28741e-05 4.45128e-06 1.48603e-06 4.79741e-07 1.50135e-07 4.56456e-08 1.35445e-08 3.95105e-09 1.14298e-09 3.30645e-10 9.67498e-11 2.88655e-11 8.82305e-12 2.76658e-12 8.87169e-13 2.89385e-13 9.54038e-14 3.17009e-14  1.0573e-14 3.53421e-15 1.18828e-15 4.02468e-16 1.37028e-16  4.6765e-17 1.59765e-17 5.45937e-18 1.86645e-18 6.38622e-19 2.18725e-19 7.49691e-20 2.57069e-20 8.78865e-21 2.97729e-21 9.61896e-22  2.0547e-22
    2.81602     1.43284    0.728611     0.37168    0.185072   0.0903065   0.0432629   0.0200362  0.00901566  0.00389689  0.00163039 0.000661852 0.000259599 9.86629e-05 3.64106e-05 1.29858e-05 4.48117e-06 1.49335e-06 4.81307e-07 1.50416e-07 4.56876e-08 1.35514e-08 3.95373e-09 1.14462e-09 3.31572e-10 9.71755e-11 2.90387e-11 8.88825e-12 2.78986e-12 8.95272e-13 2.92182e-13 9.63833e-14 3.20395e-14 1.06914e-14 3.57562e-15 1.20222e-15 4.07022e-16 1.38509e-16 4.72548e-17   1.614e-17 5.51371e-18 1.88428e-18 6.44427e-19 2.20573e-19   7.554e-20 2.58787e-20 8.84224e-21 2.99393e-21 9.65802e-22 2.05357e-22
     2.8464     1.45348    0.740207    0.378158    0.188614   0.0921385   0.0441591   0.0204515  0.00919406  0.00396898  0.00165726 0.000671192  0.00026265 9.95762e-05 3.66524e-05 1.30396e-05 4.48876e-06 1.49257e-06 4.80077e-07 1.49795e-07  4.5449e-08 1.34742e-08 3.93205e-09 1.13932e-09 3.30571e-10 9.70737e-11 2.90694e-11 8.91556e-12 2.80317e-12   9.008e-13 2.94352e-13 9.72056e-14 3.23446e-14 1.08038e-14 3.61639e-15 1.21655e-15 4.11888e-16 1.40141e-16 4.78106e-17 1.63295e-17 5.57745e-18 1.90554e-18 6.51481e-19 2.22845e-19 7.62557e-20 2.61005e-20 8.91193e-21 3.01538e-21 9.71351e-22 2.06092e-22
    2.87638     1.47443    0.752077    0.384823    0.192266   0.0940228   0.0450592   0.0208465  0.00934762  0.00402268  0.00167375 0.000675575 0.000263595 9.96799e-05 3.66089e-05 1.30006e-05 4.46916e-06 1.48447e-06 4.77083e-07   1.488e-07 4.51445e-08 1.33892e-08 3.91053e-09 1.13457e-09 3.29775e-10 9.70342e-11 2.91155e-11 8.94629e-12 2.81718e-12 9.06415e-13 2.96513e-13 9.80087e-14 3.26385e-14 1.09109e-14 3.65488e-15 1.23005e-15 4.16504e-16 1.41709e-16   4.835e-17 1.65155e-17 5.64109e-18 1.92719e-18 6.58826e-19 2.25268e-19 7.70424e-20 2.63542e-20 8.99398e-21 3.04129e-21 9.78742e-22 2.07886e-22
    2.90573     1.49555    0.764113    0.391525    0.195833   0.0957721   0.0458262   0.0211434  0.00944246  0.00404662  0.00167735 0.000675025 0.000262842 9.92619e-05 3.64246e-05   1.293e-05 4.44439e-06 1.47635e-06 4.74581e-07  1.4806e-07 4.49404e-08  1.3337e-08 3.89838e-09 1.13223e-09 3.29511e-10 9.70897e-11  2.9172e-11 8.97482e-12 2.82914e-12 9.11062e-13 2.98264e-13 9.86608e-14 3.28778e-14 1.09985e-14 3.68672e-15 1.24135e-15 4.20423e-16  1.4306e-16  4.8821e-17 1.66798e-17 5.69794e-18 1.94679e-18 6.65561e-19 2.27522e-19 7.77889e-20 2.66005e-20 9.07508e-21 3.06732e-21 9.86561e-22 2.10419e-22
    2.93411      1.5167    0.775753    0.397662    0.198851   0.0971154   0.0463493    0.021318  0.00948602  0.00405152   0.0016746 0.000672555 0.000261587 9.87517e-05 3.62433e-05 1.28727e-05  4.4273e-06 1.47151e-06 4.73277e-07  1.4769e-07 4.48416e-08 1.33116e-08 3.89242e-09 1.13109e-09 3.29418e-10 9.71404e-11 2.92123e-11 8.99449e-12 2.83732e-12 9.14257e-13 2.99474e-13 9.91161e-14 3.30464e-14 1.10608e-14 3.70965e-15  1.2496e-15 4.23327e-16 1.44077e-16 4.91805e-17 1.68068e-17 5.74236e-18 1.96229e-18 6.70959e-19 2.29349e-19 7.84024e-20 2.68061e-20 9.14358e-21 3.08953e-21 9.93468e-22 2.13673e-22
    2.96093     1.53774    0.786435    0.402817    0.201162   0.0980491   0.0466784   0.0214146  0.00950407  0.00404959  0.00167052 0.000670045  0.00026047 9.83415e-05 3.61141e-05 1.28379e-05 4.41866e-06  1.4695e-06 4.72823e-07 1.47553e-07  4.4801e-08 1.32992e-08 3.88913e-09 1.13036e-09  3.2934e-10 9.71643e-11 2.92354e-11 9.00635e-12 2.84237e-12 9.16256e-13 3.00239e-13  9.9404e-14 3.31529e-14 1.11003e-14 3.72422e-15 1.25487e-15 4.25197e-16 1.44739e-16 4.94169e-17  1.6891e-17 5.77201e-18 1.97271e-18 6.74609e-19 2.30587e-19 7.88191e-20 2.69462e-20 9.19012e-21 3.10449e-21 9.98156e-22 2.19533e-22