  0.0322858 5.73531e-18 1.71491e-28 2.64991e-28 4.18271e-28 7.17543e-28 1.40601e-27 3.18728e-27 8.30775e-27 2.53418e-26 9.29904e-26 4.23098e-25 2.41429e-24 1.66807e-23  1.2905e-22 1.02652e-21 7.91753e-21 6.42333e-20 7.37603e-19 5.98875e-13 4.94587e-13 3.37467e-13 2.11997e-13 1.15247e-13 5.50495e-14 2.45772e-14 1.01273e-14 4.00341e-15 1.53118e-15 5.66948e-16 2.08901e-16 7.51758e-17 2.70391e-17 9.67751e-18 3.44621e-18 1.22726e-18 4.36445e-19 1.55055e-19  5.5109e-20 1.95857e-20 6.95992e-21 2.47458e-21 8.80271e-22 3.13233e-22 1.11518e-22 3.97229e-23 1.41585e-23 5.04973e-24  1.8018e-24 6.58311e-25
  0.0927905   0.0303159    0.015935  0.00877625  0.00499065  0.00295203  0.00180866   0.0011018 0.000625767 0.000311986 0.000126433 3.93002e-05 9.45803e-06 1.90091e-06 3.50626e-07  6.4371e-08 1.22475e-08  2.2799e-09 4.64852e-10 1.12863e-10 3.27807e-11 1.06884e-11  3.6413e-12 1.25235e-12 4.29697e-13 1.47053e-13 5.04048e-14 1.73291e-14 5.98487e-15 2.08012e-15 7.24618e-16 2.53847e-16 8.90902e-17 3.13241e-17 1.10366e-17 3.89298e-18   1.375e-18 4.86152e-19 1.72008e-19 6.09148e-20 2.15924e-20 7.65991e-21 2.71928e-21  9.6603e-22 3.43411e-22 1.22154e-22 4.34745e-23 1.54794e-23 5.51435e-24 1.97239e-24
   0.145424   0.0568775   0.0299268   0.0165019  0.00938566  0.00554176  0.00338644  0.00205919  0.00117126 0.000587881 0.000242308 7.80375e-05  1.9988e-05 4.40056e-06 9.08345e-07 1.87638e-07 3.95952e-08 7.86409e-09 1.54618e-09 3.16581e-10 7.35406e-11 2.03618e-11 6.40599e-12 2.13237e-12 7.21791e-13 2.45377e-13 8.38461e-14 2.87775e-14 9.93419e-15 3.45246e-15 1.20291e-15 4.21536e-16 1.48004e-16 5.20589e-17 1.83487e-17 6.47449e-18 2.28729e-18 8.08945e-19 2.86341e-19 1.01444e-19 3.59695e-20  1.2763e-20 4.53182e-21 1.61027e-21  5.7251e-22 2.03673e-22 7.24975e-23 2.58167e-23  9.1977e-24 3.29218e-24
   0.192347   0.0807026   0.0425166   0.0234791   0.0133602  0.00787602  0.00480163  0.00291604  0.00166383 0.000843971 0.000356734 0.000120818 3.36262e-05 8.28769e-06 1.94883e-06 4.60015e-07 1.10213e-07 2.46858e-08 5.24897e-09 1.05396e-09 2.06914e-10 4.38291e-11 1.08904e-11 3.18212e-12 1.02733e-12 3.44833e-13 1.17582e-13 4.03427e-14 1.39231e-14 4.83539e-15 1.68376e-15 5.89864e-16 2.07091e-16 7.28417e-17 2.56771e-17 9.06201e-18 3.20194e-18 1.13263e-18 4.00992e-19 1.42085e-19 5.03877e-20 1.78819e-20 6.35035e-21 2.25678e-21 8.02498e-22 2.85539e-22 1.01654e-22 3.62058e-23 1.29012e-23 4.62136e-24
   0.235049    0.102487   0.0540756   0.0299139   0.0170352   0.0100294  0.00610152  0.00370248    0.002122  0.00109093 0.000475511 0.000170706 5.19865e-05 1.43626e-05 3.82832e-06 1.02539e-06 2.78383e-07 7.13258e-08 1.73111e-08  3.8843e-09 7.98017e-10  1.5519e-10 3.05238e-11 6.52089e-12 1.65213e-12 4.84226e-13 1.56678e-13 5.27623e-14 1.80859e-14  6.2578e-15 2.17349e-15 7.60334e-16 2.66707e-16 9.37556e-17 3.30451e-17 1.16624e-17 4.12104e-18 1.45799e-18 5.16279e-19 1.82969e-19 6.48989e-20 2.30364e-20 8.18247e-21 2.90844e-21 1.03445e-21  3.6815e-22 1.31094e-22 4.67032e-23  1.6646e-23 5.96701e-24
   0.274603     0.12273   0.0648692   0.0359543    0.020499   0.0120576  0.00732103   0.0044407  0.00255888  0.00133596 0.000602358 0.000229843 7.64979e-05 2.35206e-05 7.02376e-06 2.10728e-06 6.41029e-07 1.86465e-07 5.18778e-08 1.34588e-08 3.18858e-09 6.93068e-10 1.41532e-10 2.75834e-11 5.43397e-12   1.114e-12 2.68201e-13 7.53055e-14 2.36795e-14 7.90174e-15 2.69931e-15 9.37987e-16 3.27835e-16 1.15005e-16 4.05029e-17 1.42887e-17  5.0483e-18 1.78626e-18 6.32642e-19 2.24253e-19 7.95629e-20 2.82496e-20 1.00368e-20 3.56851e-21 1.26962e-21 4.51976e-22 1.60994e-22 5.73763e-23 2.04582e-23 7.33535e-24
   0.311814    0.141798    0.075096   0.0417132   0.0238191   0.0140033  0.00848748   0.0051477  0.00298422  0.00158399 0.000739661 0.000299772 0.000108478 3.67568e-05 1.21443e-05 4.02816e-06 1.35504e-06 4.41321e-07 1.39044e-07 4.14738e-08 1.14451e-08 2.91546e-09 6.92195e-10 1.54268e-10 3.28551e-11 6.42616e-12  1.2577e-12 2.51194e-13 5.47123e-14 1.37161e-14 3.85182e-15 1.22137e-15 4.06024e-16 1.39115e-16 4.85154e-17 1.70263e-17 6.00122e-18 2.12172e-18 7.51216e-19 2.66274e-19 9.44926e-20 3.35613e-20 1.19276e-20 4.24232e-21    1.51e-21 5.37768e-22 1.91633e-22 6.83296e-23  2.4377e-23 8.73507e-24
   0.347308    0.159977   0.0849101   0.0472801   0.0270499   0.0159009  0.00962346  0.00583733  0.00340558  0.00183855 0.000888922 0.000381599 0.000149127  5.5133e-05 1.99245e-05 7.22026e-06 2.65311e-06 9.53721e-07 3.35032e-07 1.13132e-07 3.58812e-08 1.06456e-08 2.96474e-09  7.7863e-10 1.96485e-10 4.52963e-11 1.01416e-11 2.17751e-12 4.55132e-13 9.56003e-14 1.94696e-14 4.39587e-15 1.02656e-15 2.64268e-16 7.66228e-17 2.36007e-17 7.73266e-18 2.62953e-18 9.07831e-19 3.17291e-19 1.11817e-19 3.95313e-20 1.40045e-20 4.97525e-21 1.76992e-21 6.30099e-22 2.24524e-22  8.0101e-23 2.85492e-23 1.04034e-23
    0.38158    0.177495   0.0944323    0.052725   0.0302356   0.0177804   0.0107483   0.0065215  0.00382916  0.00210227  0.00105103 0.000476025 0.000199464 7.97196e-05 3.12025e-05 1.22281e-05 4.85521e-06 1.90138e-06 7.33761e-07 2.75865e-07 9.87956e-08 3.35651e-08 1.08082e-08 3.30308e-09  9.7796e-10 2.68246e-10 7.18339e-11 1.85547e-11 4.65556e-12 1.15563e-12 2.72221e-13 6.58847e-14  1.5256e-14 3.51141e-15 8.39076e-16 1.96216e-16 4.83243e-17 1.27121e-17 3.37795e-18 9.52549e-19 2.90005e-19 8.98739e-20 2.83434e-20 9.54245e-21 3.25479e-21 1.11479e-21 3.88551e-22 1.39514e-22 4.56087e-23 3.93672e-23
   0.415028    0.194536    0.103763   0.0581059   0.0334129   0.0196675   0.0118784  0.00721068  0.00426093  0.00237794  0.00122663 0.000583457 0.000260304 0.000111538 4.68788e-05 1.96984e-05 8.37357e-06 3.53204e-06  1.4776e-06 6.08982e-07 2.42057e-07 9.24642e-08 3.38087e-08 1.18249e-08 4.01765e-09  1.2844e-09 4.03003e-10 1.22987e-10 3.67963e-11 1.09638e-11  3.1473e-12 9.15127e-13 2.56717e-13 7.08792e-14 1.96268e-14 5.27044e-15 1.43806e-15 4.02848e-16 1.10785e-16 3.14255e-17 9.50192e-18 2.86643e-18 8.65219e-19 2.90254e-19 9.87716e-20 3.36278e-20  1.1897e-20  4.5126e-21 1.37002e-21 2.39355e-21
   0.447981    0.211256    0.112987   0.0634733   0.0366143   0.0215843     0.01303  0.00791571  0.00470682  0.00266797  0.00141669 0.000704062 0.000332214 0.000151488 6.78648e-05 3.03545e-05 1.37081e-05 6.16854e-06 2.76589e-06 1.23241e-06 5.35123e-07 2.25836e-07 9.21038e-08 3.62364e-08 1.38542e-08 5.05565e-09  1.8143e-09 6.36385e-10 2.20413e-10 7.64783e-11 2.58677e-11 8.88991e-12 2.98261e-12  9.8709e-13 3.23937e-13 1.03932e-13 3.32972e-14  1.0693e-14 3.37473e-15 1.08196e-15 3.60405e-16 1.19387e-16 3.94636e-17 1.42266e-17 5.17492e-18 1.87976e-18 7.06634e-19 2.81345e-19 9.48839e-20 1.40295e-19
    0.48071    0.227787    0.122174   0.0688718    0.039868   0.0235509   0.0142186  0.00864695  0.00517273  0.00297495  0.00162196 0.000838284 0.000415549 0.000200293 9.50237e-05 4.49661e-05 2.14333e-05 1.02077e-05 4.86024e-06 2.31324e-06 1.08201e-06  4.9654e-07  2.2215e-07 9.66392e-08 4.09109e-08 1.67298e-08 6.72921e-09 2.65261e-09 1.03582e-09 4.05608e-10  1.5592e-10 6.13589e-11 2.37931e-11 9.16141e-12 3.51289e-12  1.3287e-12 4.98039e-13  1.8475e-13 6.76122e-14 2.47801e-14  9.1826e-15 3.37794e-15 1.23815e-15 4.80991e-16 1.87515e-16 7.30001e-17 2.92296e-17 1.22191e-17  4.5394e-18 5.65882e-18
   0.513438     0.24424     0.13139   0.0743383    0.043198   0.0255864   0.0154589  0.00941426  0.00566451  0.00330183  0.00184352 0.000986486 0.000510737 0.000258524 0.000129127  6.4298e-05 3.21771e-05 1.61127e-05 8.08322e-06 4.06901e-06 2.02625e-06 9.97162e-07 4.82144e-07 2.28106e-07 1.05475e-07 4.75317e-08 2.10769e-08 9.17982e-09 3.96249e-09  1.7103e-09 7.27549e-10 3.17288e-10 1.37107e-10 5.92265e-11 2.57366e-11 1.11115e-11 4.77045e-12 2.03125e-12 8.58179e-13 3.60347e-13 1.50226e-13 6.21784e-14 2.56404e-14 1.08115e-14 4.55575e-15 1.91536e-15 8.19926e-16 3.60602e-16 1.46226e-16 1.56935e-16
   0.546356    0.260716    0.140687   0.0799042   0.0466263   0.0277081   0.0167649   0.0102282  0.00618889  0.00365206  0.00208282  0.00114916 0.000618112 0.000326714 0.000170833  8.9068e-05 4.65892e-05 2.43981e-05 1.28149e-05 6.76795e-06 3.55306e-06 1.85324e-06 9.55422e-07 4.84718e-07 2.41683e-07 1.18183e-07 5.69406e-08  2.7014e-08 1.26994e-08 5.94958e-09 2.75452e-09 1.29969e-09 6.09012e-10 2.86139e-10  1.3597e-10 6.44423e-11  3.0599e-11 1.45454e-11 6.89728e-12 3.25752e-12 1.52721e-12 7.12899e-13 3.32209e-13 1.54258e-13 7.13552e-14 3.29538e-14 1.52911e-14 7.13064e-15 3.15275e-15 2.97641e-15
   0.579616    0.277313    0.150113   0.0855995    0.050174   0.0299325    0.018151   0.0110999  0.00675328  0.00403008  0.00234203  0.00132715  0.00073804 0.000405254 0.000220733 0.000119949 6.53123e-05 3.56087e-05 1.94824e-05 1.07251e-05 5.88874e-06 3.22423e-06 1.75317e-06 9.42636e-07 5.00511e-07 2.61906e-07   1.353e-07 6.90066e-08 3.48819e-08 1.75354e-08 8.73091e-09  4.3956e-09 2.19979e-09 1.10332e-09 5.58867e-10 2.82556e-10 1.43641e-10 7.35133e-11 3.76326e-11 1.92892e-11 9.90112e-12 5.08172e-12 2.61012e-12 1.33586e-12   6.817e-13 3.47968e-13  1.7691e-13 8.89603e-14 4.34022e-14  3.6143e-14
   0.613354    0.294105    0.159709   0.0914511   0.0538604   0.0322747   0.0196309   0.0120409  0.00736598  0.00444137  0.00262431  0.00152195 0.000871132 0.000494516 0.000279283 0.000157525 8.89598e-05  5.0302e-05 2.85452e-05 1.62971e-05 9.29975e-06 5.30445e-06 3.01512e-06 1.70091e-06 9.51281e-07 5.26277e-07 2.88083e-07  1.5607e-07 8.38412e-08  4.4754e-08 2.37035e-08 1.26147e-08 6.67864e-09 3.53845e-09 1.88651e-09 1.00372e-09 5.36452e-10  2.8845e-10 1.55144e-10 8.37311e-11 4.54772e-11 2.47569e-11 1.34967e-11 7.39237e-12 4.05466e-12 2.22683e-12 1.21964e-12   6.614e-13   3.537e-13 2.47348e-13
   0.647682    0.311161    0.169511   0.0974841   0.0577033   0.0347492   0.0212179    0.013063  0.00803654  0.00489265  0.00293395  0.00173593  0.00101851  0.00059504   0.0003469 0.000202279 0.000118084 6.90223e-05 4.04825e-05 2.38712e-05 1.40862e-05 8.31973e-06 4.90808e-06 2.88124e-06 1.68176e-06 9.73649e-07 5.58961e-07  3.1825e-07 1.79809e-07 1.00945e-07 5.62962e-08 3.14125e-08 1.74508e-08 9.68792e-09 5.39421e-09 2.99698e-09 1.66963e-09 9.33663e-10 5.21904e-10 2.92526e-10 1.64913e-10 9.31886e-11 5.27116e-11  3.0009e-11 1.71407e-11 9.79582e-12  5.5925e-12 3.17419e-12 1.77607e-12 1.02439e-12
   0.682685    0.328544    0.179556    0.103721   0.0617196   0.0373702   0.0229246   0.0141778  0.00877521   0.0053919  0.00327662  0.00197269  0.00118215 0.000707798 0.000424123 0.000254664  0.00015317 9.22755e-05  5.5772e-05 3.38568e-05  2.0579e-05 1.25264e-05 7.62524e-06 4.62702e-06 2.79742e-06 1.68076e-06 1.00319e-06 5.94763e-07 3.50204e-07 2.05015e-07 1.19322e-07 6.92976e-08  4.0093e-08  2.3154e-08 1.33771e-08 7.71129e-09 4.44977e-09 2.57232e-09 1.48597e-09  8.5982e-10 4.99438e-10  2.9054e-10 1.69119e-10   9.899e-11 5.81018e-11 3.40791e-11 1.99284e-11 1.15498e-11 6.50328e-12 3.19306e-12
   0.718429    0.346309    0.189874    0.110182   0.0659248   0.0401507   0.0247624   0.0153961  0.00959217  0.00594808  0.00365954   0.0022374  0.00136528  0.00083458 0.000511882 0.000315237 0.000194693 0.000120527 7.48662e-05 4.66687e-05 2.91329e-05 1.82112e-05 1.13891e-05 7.10659e-06 4.42316e-06 2.73922e-06 1.68745e-06 1.03369e-06 6.29394e-07 3.81267e-07 2.29715e-07 1.37962e-07 8.25758e-08 4.92909e-08 2.93842e-08 1.74806e-08 1.03935e-08 6.17881e-09  3.6695e-09 2.18153e-09 1.30041e-09 7.75896e-10 4.63058e-10 2.77486e-10 1.66598e-10 9.98469e-11 5.94748e-11 3.48673e-11 1.94698e-11 8.43323e-12
   0.754959    0.364503    0.200492    0.116886   0.0703319   0.0431019   0.0267418   0.0167278   0.0104971  0.00657046  0.00409095  0.00253678  0.00157275 0.000978478 0.000611961 0.000384987  0.00024328 0.000154268 9.82019e-05 6.27113e-05 4.01104e-05 2.56843e-05 1.64517e-05 1.05184e-05 6.70953e-06 4.26113e-06 2.69354e-06 1.69382e-06  1.0594e-06 6.59625e-07 4.08581e-07 2.52208e-07 1.55194e-07 9.51899e-08 5.82426e-08 3.55599e-08 2.16827e-08 1.32083e-08 8.03708e-09 4.89161e-09 2.98145e-09 1.81849e-09 1.10937e-09 6.78179e-10 4.14753e-10 2.52968e-10 1.53017e-10 9.05488e-11 5.01388e-11 1.99365e-11
   0.792309     0.38317    0.211431    0.123843   0.0749496   0.0462302   0.0288693   0.0181794   0.0114968  0.00726638  0.00457816  0.00287772  0.00181033  0.00114372 0.000727111 0.000465512 0.000299817 0.000194017 0.000126132  8.2281e-05 5.37803e-05 3.51933e-05 2.30322e-05 1.50485e-05 9.80705e-06 6.36444e-06 4.11112e-06 2.64187e-06 1.68879e-06 1.07472e-06  6.8048e-07 4.29191e-07 2.69803e-07  1.6905e-07 1.05653e-07 6.58865e-08 4.10137e-08 2.54965e-08  1.5836e-08 9.83287e-09 6.10679e-09 3.79407e-09 2.35763e-09 1.46711e-09 9.12448e-10   5.655e-10 3.46913e-10 2.07207e-10 1.14353e-10 4.33794e-11
    0.83049    0.402342    0.222704    0.131055   0.0797787   0.0495343   0.0311439   0.0197505   0.0125914  0.00803696  0.00512368  0.00326368  0.00208188  0.00133377 0.000859899 0.000558393 0.000365041 0.000239969 0.000158563 0.000105194 6.99556e-05 4.65879e-05  3.1031e-05   2.064e-05 1.36905e-05 9.04351e-06 5.94386e-06 3.88543e-06 2.52611e-06 1.63429e-06 1.05192e-06 6.74127e-07 4.30466e-07 2.73905e-07 1.73804e-07 1.10056e-07 6.95481e-08 4.38729e-08 2.76512e-08 1.74295e-08 1.09941e-08 6.93801e-09 4.37803e-09 2.76325e-09  1.7422e-09 1.09385e-09 6.78505e-10 4.07676e-10 2.23423e-10 8.00208e-11
   0.869496    0.422044    0.234329    0.138533   0.0848209    0.053015   0.0335636   0.0214384   0.0137774   0.0088786  0.00572463  0.00369311  0.00238732  0.00154963  0.00101172  0.00066486 0.000439692 0.000292384 0.000195407  0.00013113  8.8213e-05 5.94289e-05 4.00449e-05 2.69474e-05 1.80796e-05 1.20776e-05 8.02502e-06 5.30093e-06 3.48136e-06 2.27458e-06 1.47808e-06  9.5571e-07 6.15699e-07 3.95098e-07   2.527e-07 1.61287e-07 1.02766e-07 6.53952e-08 4.15877e-08 2.64583e-08 1.68556e-08  1.0749e-08 6.85576e-09 4.36535e-09 2.77211e-09 1.75117e-09 1.09116e-09 6.55124e-10 3.52988e-10 1.16873e-10
   0.909305    0.442302     0.24632    0.146287   0.0900826   0.0566776   0.0361323   0.0232463   0.0150567  0.00979174  0.00638034  0.00416489  0.00272599  0.00179159  0.00118379 0.000786746  0.00052579 0.000353115 0.000238187   0.0001612 0.000109314 7.42038e-05 5.03585e-05 3.41203e-05 2.30428e-05 1.54861e-05 1.03486e-05  6.8702e-06 4.53162e-06 2.97205e-06 1.93733e-06  1.2566e-06 8.12011e-07 5.22545e-07 3.35287e-07  2.1477e-07  1.3736e-07 8.78255e-08 5.61672e-08 3.59333e-08 2.30164e-08 1.47606e-08 9.47024e-09 6.06505e-09 3.87018e-09 2.45461e-09 1.53378e-09 9.20677e-10 4.92085e-10 1.59123e-10
   0.949885    0.463131    0.258686    0.154321   0.0955658   0.0605232   0.0388539   0.0251788   0.0164342   0.0107802  0.00709331     0.00468  0.00309787  0.00205929  0.00137576 0.000923857 0.000623375 0.000422362 0.000287172 0.000195752 0.000133655 9.13104e-05 6.23278e-05 4.24543e-05 2.88067e-05 1.94399e-05 1.30389e-05 8.68092e-06  5.7376e-06 3.76683e-06 2.45524e-06 1.59169e-06 1.02796e-06 6.61132e-07 4.24227e-07 2.71907e-07  1.7412e-07 1.11596e-07 7.15812e-08 4.59046e-08 2.94549e-08 1.89186e-08 1.21496e-08 7.78985e-09 4.97803e-09 3.16055e-09 1.97582e-09 1.18493e-09 6.29946e-10   2.002e-10
   0.991194     0.48453    0.271429    0.162633    0.101269   0.0645491   0.0417252   0.0272333   0.0179081   0.0118423  0.00786151  0.00523599  0.00349971  0.00234871  0.00158321  0.00107178 0.000728425 0.000496725 0.000339668   0.0002327 0.000159532 0.000109331   7.475e-05 5.09202e-05 3.45066e-05 2.32277e-05 1.55289e-05 1.03034e-05 6.78395e-06 4.43727e-06 2.88207e-06 1.86085e-06 1.19776e-06 7.68362e-07 4.92163e-07 3.15038e-07 2.01574e-07 1.29124e-07 8.27931e-08 5.30544e-08 3.39603e-08 2.17231e-08 1.38838e-08 8.85306e-09 5.61842e-09 3.53825e-09 2.19183e-09 1.30079e-09 6.82764e-10 2.12577e-10
    1.03318    0.506494    0.284549    0.171218    0.107182   0.0687468   0.0447363   0.0294005   0.0194699   0.0129704    0.008678  0.00582668  0.00392564  0.00265417  0.00180088    0.001226 0.000837114 0.000572943 0.000392868 0.000269582 0.000184799 0.000126413 8.61158e-05 5.83528e-05 3.93002e-05 2.62765e-05 1.74445e-05 1.15006e-05 7.52631e-06 4.89587e-06 3.16617e-06 2.03724e-06  1.3077e-06 8.37495e-07 5.36113e-07 3.43071e-07 2.19276e-07 1.40073e-07 8.94707e-08 5.71117e-08 3.64033e-08 2.31621e-08 1.47166e-08 9.31523e-09 5.85465e-09 3.64418e-09  2.2271e-09 1.30248e-09  6.7334e-10 2.05632e-10
    1.07578    0.529012    0.298034    0.180063    0.113291   0.0731007   0.0478736   0.0316674    0.021108   0.0141543   0.0095335  0.00644333  0.00436775  0.00296882  0.00202316  0.00138209 0.000945943 0.000648159 0.000444371 0.000304369  0.00020785 0.000141374 9.56316e-05 6.42742e-05 4.29253e-05 2.84694e-05 1.87533e-05 1.22797e-05 7.98942e-06 5.17054e-06 3.33058e-06 2.13788e-06 1.36959e-06 8.75549e-07  5.5931e-07 3.57158e-07 2.27683e-07 1.44816e-07 9.19526e-08 5.83074e-08  3.6891e-08 2.32691e-08 1.46411e-08 9.16594e-09 5.68816e-09 3.49113e-09 2.10131e-09 1.20964e-09  6.1578e-10 1.84912e-10
    1.11892    0.552063    0.311863    0.189146    0.119576   0.0775901   0.0511177   0.0340176   0.0228069   0.0153805   0.0104159  0.00707481  0.00481636  0.00328489  0.00224397  0.00153523  0.00105103 0.000719179 0.000491571 0.000335054 0.000227309 0.000153373 0.000102856 6.85182e-05 4.53637e-05 2.98542e-05 1.95253e-05 1.27054e-05 8.22466e-06 5.30038e-06 3.40247e-06 2.17872e-06 1.39266e-06 8.88048e-07 5.65009e-07 3.58931e-07 2.27642e-07 1.44035e-07 9.09134e-08 5.72232e-08 3.58415e-08 2.23219e-08 1.38346e-08 8.52511e-09 5.20856e-09 3.14606e-09 1.86326e-09 1.05582e-09 5.29661e-10 1.56968e-10
     1.1625    0.575606    0.326011    0.198443    0.126009   0.0821896   0.0544442     0.03643   0.0245476   0.0166317     0.01131  0.00770851  0.00526134  0.00359452  0.00245728  0.00168051   0.0011483 0.000782844 0.000532188 0.000360192 0.000242404 0.000162112  0.00010776 7.11862e-05 4.67593e-05 3.05614e-05 1.98672e-05 1.28583e-05 8.28607e-06  5.3187e-06 3.40169e-06 2.17049e-06 1.38221e-06 8.77927e-07 5.55778e-07 3.50833e-07 2.20934e-07  1.3868e-07 8.67267e-08 5.40103e-08  3.3423e-08 2.05375e-08 1.25402e-08 7.59825e-09 4.55887e-09 2.70053e-09  1.5675e-09 8.71245e-10 4.28819e-10 1.23939e-10
    1.20645    0.599597    0.340448    0.207922    0.132559   0.0868692   0.0578247   0.0388781   0.0263078   0.0178878   0.0121988  0.00833108   0.0056929  0.00389037  0.00265727  0.00181315  0.00123408 0.000836678 0.000564806 0.000379181 0.000253034 0.000167777 0.000110613 7.25288e-05 4.73165e-05 3.07395e-05 1.98783e-05  1.2803e-05 8.21411e-06    5.25e-06 3.34311e-06 2.12214e-06 1.34346e-06 8.48274e-07 5.33842e-07 3.34726e-07 2.08969e-07  1.2968e-07 7.99945e-08 4.90879e-08 2.99384e-08 1.81288e-08 1.09016e-08 6.49615e-09 3.82837e-09 2.22419e-09 1.26413e-09 6.87563e-10 3.30775e-10 9.26392e-11
    1.25067    0.623984    0.355135    0.217544     0.13919   0.0915935   0.0612272   0.0413315   0.0280625   0.0191279   0.0130658  0.00893042  0.00610221  0.00416566   0.0028386  0.00192923  0.00130585 0.000879424 0.000589074 0.000392228 0.000259635 0.000170823 0.000111805 7.28321e-05 4.72317e-05 3.05168e-05 1.96347e-05 1.25824e-05 8.03312e-06 5.10907e-06 3.23641e-06 2.04146e-06 1.28275e-06 8.03481e-07 5.01477e-07  3.1163e-07 1.92542e-07  1.1799e-07 7.17092e-08 4.32808e-08 2.59516e-08 1.54487e-08 9.12901e-09 5.34706e-09 3.09711e-09  1.7673e-09 9.84913e-10 5.24254e-10 2.46331e-10 6.68158e-11
    1.29505    0.648691    0.370023    0.227268    0.145861   0.0963214   0.0646162   0.0437606   0.0297854   0.0203316   0.0138962  0.00949607   0.0064815  0.00441447  0.00299709  0.00202632  0.00136268   0.0009111  0.00060556 0.000400086   0.0002629 0.000171781 0.000111713 7.23468e-05 4.66569e-05 2.99825e-05 1.91898e-05 1.22294e-05 7.76256e-06 4.90674e-06 3.08799e-06 1.93361e-06 1.20448e-06  7.4689e-07 4.60881e-07 2.82949e-07 1.72652e-07 1.04419e-07 6.25329e-08 3.71129e-08 2.18514e-08 1.27674e-08 7.40061e-09 4.25515e-09 2.42094e-09 1.35717e-09 7.42532e-10  3.8742e-10 1.78262e-10 4.72864e-11
     1.3395    0.673647    0.385054    0.237045     0.15253    0.101013   0.0679528   0.0461371   0.0314515   0.0214803   0.0146772   0.0100189  0.00682414  0.00463239  0.00313038  0.00210375  0.00140505 0.000932724 0.000615401 0.000403722 0.000263546 0.000171141 0.000110646 7.12573e-05 4.57001e-05    2.92e-05 1.85823e-05  1.1769e-05 7.41919e-06  4.6542e-06 2.90528e-06 1.80302e-06 1.11164e-06 6.81266e-07 4.14941e-07 2.51238e-07 1.51125e-07 9.00668e-08 5.30984e-08 3.09773e-08 1.79087e-08 1.02683e-08 5.83571e-09 3.28871e-09 1.83448e-09 1.00845e-09 5.41094e-10 2.76707e-10 1.24638e-10 3.21751e-11
    1.38393    0.698776    0.400166    0.246826    0.159153     0.10563   0.0711986   0.0484284   0.0330407   0.0225596   0.0153987   0.0104917  0.00712526  0.00481695  0.00323804  0.00216248  0.00143452 0.000945857 0.000619896 0.000404073 0.000262186 0.000169282 0.000108821  6.9684e-05 4.44328e-05 2.82154e-05 1.78403e-05 1.12195e-05 7.01627e-06 4.36196e-06  2.6964e-06 1.65591e-06 1.00906e-06 6.10392e-07 3.66558e-07  2.1864e-07 1.29462e-07 7.59151e-08 4.40088e-08 2.52254e-08 1.43195e-08 8.05677e-09 4.48896e-09 2.47686e-09 1.35218e-09 7.27345e-10 3.81988e-10 1.91199e-10 8.42308e-11 2.11953e-11
    1.42826    0.723985    0.415288    0.256566    0.165677    0.110134   0.0743194   0.0506018   0.0345374   0.0235598   0.0160533   0.0109092  0.00738216  0.00496778  0.00332128  0.00220453  0.00145316 0.000952172 0.000620228 0.000401912 0.000259284 0.000166463 0.000106383 6.77086e-05 4.29012e-05 2.70574e-05 1.69834e-05 1.05947e-05 6.56547e-06 4.04028e-06 2.46987e-06  1.4989e-06 9.01728e-07 5.37808e-07 3.18086e-07 1.86707e-07 1.08719e-07 6.26729e-08 3.57018e-08 2.00953e-08 1.11952e-08 6.17809e-09 3.37368e-09 1.82191e-09 9.72405e-10 5.11061e-10 2.62258e-10 1.28309e-10 5.52761e-11 1.36249e-11
    1.47236    0.749193    0.430354    0.266223    0.172058    0.114496   0.0772885    0.052634   0.0359257   0.0244761   0.0166372   0.0112689  0.00759447   0.0050862  0.00338229  0.00223224  0.00146297 0.000953115 0.000617329 0.000397801 0.000255166 0.000162866  0.00010344 6.53962e-05 4.11476e-05 2.57581e-05 1.60351e-05 9.91179e-06 6.07994e-06 3.69978e-06 2.23391e-06 1.33803e-06 7.93886e-07 4.66406e-07 2.71396e-07 1.56598e-07 8.96056e-08 5.07589e-08 2.84054e-08 1.56949e-08 8.57534e-09 4.63743e-09 2.47992e-09 1.31004e-09 6.82983e-10 3.50241e-10 1.75218e-10 8.34828e-11 3.49091e-11 8.19378e-12
     1.5161    0.774337    0.445302     0.27577    0.178274    0.118701   0.0800921   0.0545129   0.0371891   0.0253037    0.017151   0.0115721  0.00776427  0.00517486  0.00342369  0.00224777  0.00146549 0.000949719 0.000611834 0.000392098 0.000250043 0.000158621 0.000100074 6.28045e-05 3.92127e-05 2.43453e-05 1.50176e-05 9.18957e-06 5.57504e-06 3.35175e-06 1.99664e-06 1.17877e-06 6.89049e-07 3.98436e-07 2.27929e-07 1.29173e-07 7.25768e-08  4.0378e-08 2.21898e-08 1.20303e-08 6.44065e-09 3.40877e-09 1.78265e-09 9.20181e-10 4.68066e-10 2.33868e-10 1.13775e-10 5.25357e-11 2.11153e-11 4.59567e-12
    1.55943    0.799304    0.460075    0.285124    0.184311    0.122725   0.0827345   0.0562386   0.0383214   0.0260342    0.017596   0.0118237  0.00789643  0.00523772  0.00344836  0.00225297  0.00146181 0.000942611 0.000604097 0.000384991 0.000244028 0.000153809 9.63477e-05 5.99847e-05 3.71277e-05 2.28339e-05 1.39432e-05 8.44079e-06 5.06165e-06 3.00471e-06  1.7648e-06  1.0258e-06 5.90086e-07 3.35609e-07 1.88722e-07 1.05018e-07 5.78909e-08 3.15948e-08 1.70318e-08 9.05127e-09 4.74225e-09 2.45236e-09 1.25179e-09  6.3032e-10 3.12332e-10   1.518e-10 7.17004e-11 3.20424e-11 1.23918e-11 2.56126e-12
    1.60222    0.823949    0.474545    0.294139    0.190169    0.126531   0.0852246   0.0578276   0.0393307   0.0266635   0.0179699   0.0120279  0.00799678  0.00527957  0.00345954   0.0022497  0.00145287  0.00093224 0.000594332 0.000376582 0.000237179  0.00014847 9.23004e-05 5.69794e-05  3.4933e-05 2.12596e-05  1.2838e-05 7.68158e-06  4.5497e-06  2.6653e-06 1.54312e-06 8.82689e-07 4.99293e-07 2.79149e-07   1.543e-07 8.43149e-08 4.55634e-08 2.43503e-08 1.28508e-08 6.68499e-09 3.42483e-09 1.72855e-09 8.59603e-10 4.21177e-10 2.02845e-10  9.5693e-11 4.38159e-11 1.89633e-11 7.11352e-12 1.44968e-12
     1.6443    0.848415    0.488553      0.3028    0.195817    0.130161   0.0875581   0.0592982   0.0402387   0.0272025   0.0182742   0.0121857  0.00806847  0.00530408   0.0034601  0.00223972  0.00143951 0.000918967 0.000582695  0.00036698 0.000229576 0.000142659 8.79827e-05 5.38357e-05  3.2676e-05 1.96653e-05 1.17326e-05 6.93141e-06  4.0512e-06 2.34057e-06 1.33532e-06  7.5185e-07 4.18175e-07 2.29693e-07 1.24669e-07 6.68448e-08 3.53867e-08 1.84947e-08 9.53703e-09 4.84738e-09 2.42559e-09 1.19384e-09 5.77797e-10 2.74923e-10 1.28402e-10 5.86635e-11 2.59759e-11 1.08602e-11  3.9421e-12 7.79711e-13
    1.68581      0.8728    0.502242    0.311162    0.201122    0.133641   0.0897486   0.0606452   0.0410695   0.0276737   0.0185229   0.0123029  0.00811397  0.00531283  0.00345119  0.00222381  0.00142204 0.000902881  0.00056919 0.000356258 0.000221311 0.000136458  8.3454e-05 5.05965e-05  3.0392e-05 1.80798e-05 1.06505e-05 6.20792e-06  3.5777e-06 2.03717e-06 1.14468e-06 6.34373e-07  3.4695e-07  1.8716e-07 9.96215e-08 5.23315e-08 2.71187e-08 1.38569e-08 6.97587e-09 3.45732e-09 1.68565e-09  8.0769e-10 3.80059e-10 1.75409e-10 7.92968e-11  3.4997e-11 1.49467e-11 6.01751e-12 2.09465e-12 3.86092e-13
    1.72689    0.896625    0.515696      0.3191    0.206069    0.136812   0.0918314   0.0618982    0.041824   0.0280932    0.018735   0.0123936  0.00814056  0.00530903  0.00343423  0.00220288  0.00140137 0.000884605 0.000554163 0.000344527 0.000212435 0.000129901 7.87339e-05 4.72723e-05 2.80947e-05 1.65187e-05 9.60549e-06 5.52159e-06  3.1359e-06  1.7586e-06 9.72653e-07 5.30359e-07 2.85121e-07  1.5101e-07 7.87962e-08 4.05154e-08 2.05255e-08 1.02423e-08 5.02981e-09 2.42835e-09 1.15134e-09 5.35645e-10 2.44364e-10 1.09254e-10 4.77697e-11 2.03496e-11 8.36831e-12 3.23615e-12 1.07816e-12 1.87812e-13
    1.76744    0.919348    0.528806    0.326701    0.210622    0.139737   0.0937176   0.0630987   0.0425254   0.0284713   0.0189194   0.0124668   0.0081555  0.00529736  0.00341227  0.00217884   0.0013789 0.000865211 0.000538388 0.000332255 0.000203211 0.000123158 7.39276e-05 4.39248e-05 2.58167e-05 1.49994e-05 8.60956e-06 4.88063e-06 2.73089e-06 1.50748e-06 8.20115e-07 4.39641e-07 2.32162e-07 1.20671e-07 6.17154e-08 3.10536e-08 1.53673e-08 7.47697e-09 3.57492e-09 1.67861e-09  7.7325e-10 3.48969e-10 1.54095e-10 6.65599e-11 2.80762e-11 1.15207e-11 4.55781e-12  1.6914e-12 5.36646e-13 8.59575e-14
    1.80744    0.941977    0.541432    0.334089    0.214927    0.142434   0.0954349   0.0641805     0.04316   0.0288095   0.0190847   0.0125315  0.00816539  0.00528233  0.00338782    0.002153  0.00135515    0.000845 0.000522121  0.00031971 0.000193876 0.000116415 6.91788e-05 4.06576e-05 2.36181e-05 1.35517e-05 7.67628e-06 4.29105e-06 2.36554e-06  1.2853e-06 6.87677e-07 3.62139e-07 1.87666e-07 9.56331e-08 4.79016e-08 2.35711e-08 1.13889e-08 5.40065e-09 2.51201e-09 1.14564e-09 5.11983e-10 2.23885e-10 9.56484e-11 3.98751e-11 1.61977e-11 6.38439e-12 2.42216e-12 8.61415e-13 2.61412e-13 4.01672e-14
    1.84658    0.965179    0.553451    0.341025    0.219156     0.14494   0.0970214   0.0651138   0.0437015   0.0291097   0.0192258   0.0125835  0.00816919  0.00526365  0.00336032  0.00212422   0.0013296 0.000823962 0.000505673 0.000307183 0.000184654 0.000109821 6.45886e-05 3.75403e-05 2.15482e-05  1.2207e-05 6.82116e-06 3.75859e-06 2.04091e-06 1.09142e-06 5.74246e-07 2.97023e-07 1.50992e-07 7.53848e-08 3.69433e-08   1.776e-08 8.37137e-09 3.86636e-09 1.74822e-09 7.73658e-10 3.34985e-10 1.41696e-10 5.84524e-11 2.35037e-11 9.19446e-12 3.48382e-12 1.26741e-12 4.31116e-13 1.25083e-13 1.84221e-14
    1.88442    0.986533    0.565317    0.347525    0.223084    0.147441   0.0984854   0.0659447   0.0441961   0.0293777   0.0193389   0.0126133  0.00815819   0.0052359  0.00332826  0.00209315  0.00130304 0.000802564  0.00048921 0.000294825 0.000175646 0.000103447 6.02003e-05 3.45943e-05 1.96183e-05  1.0972e-05 6.04807e-06 3.28482e-06  1.7565e-06 9.24168e-07 4.77973e-07 2.42789e-07 1.21053e-07 5.91972e-08 2.83727e-08 1.33182e-08 6.11993e-09 2.75125e-09 1.20879e-09 5.18887e-10 2.17584e-10 8.89841e-11 3.54216e-11 1.37218e-11 5.16379e-12 1.87902e-12  6.5503e-13 2.12929e-13 5.89277e-14 8.19073e-15
    1.92019     1.00696    0.577167    0.353976    0.226754    0.149588   0.0998648   0.0667048   0.0446417   0.0296246    0.019439    0.012634   0.0081398  0.00520274  0.00329347  0.00206168   0.0012767 0.000781405 0.000472816 0.000282576 0.000166785 9.72414e-05 5.59797e-05 3.17992e-05 1.78131e-05 9.83332e-06 5.34641e-06 2.86184e-06 1.50681e-06 7.79788e-07 3.96291e-07 1.97619e-07 9.66118e-08 4.62628e-08 2.16825e-08 9.93727e-09 4.45085e-09 1.94712e-09 8.31116e-10 3.45993e-10  1.4047e-10 5.55277e-11 2.13279e-11 7.95569e-12 2.87693e-12  1.0039e-12  3.3501e-13 1.04044e-13 2.73978e-14 3.52963e-15
    1.95473     1.02814    0.588614    0.360324    0.230294    0.151499    0.101099   0.0674028   0.0450104    0.029833   0.0195323   0.0126557  0.00812305  0.00517056   0.0032584  0.00202942  0.00124949  0.00075973 0.000456272 0.000270557 0.000158261 9.13493e-05 5.20185e-05 2.92056e-05 1.61588e-05 8.80367e-06 4.72009e-06  2.4892e-06 1.29006e-06 6.56531e-07 3.27759e-07 1.60402e-07 7.68694e-08 3.60339e-08 1.65096e-08 7.38595e-09 3.22417e-09 1.37254e-09 5.69146e-10 2.29753e-10 9.02738e-11 3.44666e-11 1.27598e-11 4.58079e-12 1.59131e-12 5.32375e-13 1.70058e-13 5.04926e-14 1.26747e-14  1.5344e-15
     1.9889      1.0475    0.599807    0.366464    0.233735    0.153491    0.102216   0.0680503   0.0453335   0.0299947   0.0196085   0.0126724  0.00810522  0.00513849  0.00322386  0.00199779  0.00122243 0.000738189 0.000439903 0.000258838 0.000150111 8.58046e-05 4.83382e-05 2.68244e-05 1.46578e-05 7.88079e-06 4.16599e-06 2.16397e-06 1.10361e-06 5.52185e-07 2.70711e-07 1.29963e-07 6.10295e-08 2.79995e-08 1.25406e-08 5.47681e-09 2.33022e-09  9.6531e-10 3.88863e-10 1.52239e-10 5.79158e-11 2.13699e-11 7.63025e-12 2.63742e-12 8.80573e-13 2.82571e-13 8.63878e-14 2.44965e-14 5.85788e-15 6.67582e-16
    2.02214      1.0655    0.610871    0.372534    0.237103    0.155359    0.103286   0.0686437   0.0456354   0.0301349   0.0196684   0.0126791  0.00808276  0.00510453  0.00318891  0.00196649  0.00119651 0.000717853 0.000424561 0.000247725 0.000142385 8.05936e-05 4.49182e-05 2.46389e-05 1.32971e-05 7.05477e-06 3.67682e-06 1.88098e-06 9.43815e-07 4.64161e-07 2.23404e-07 1.05183e-07 4.83845e-08 2.17185e-08 9.50689e-09 4.05237e-09 1.68033e-09 6.77327e-10 2.65042e-10 1.00636e-10 3.70866e-11 1.32364e-11 4.56369e-12 1.52003e-12 4.88134e-13 1.50358e-13 4.40133e-14 1.19164e-14  2.7129e-15 2.91185e-16
    2.05457      1.0833    0.621077     0.37836     0.24038    0.157196     0.10438   0.0692298   0.0459246    0.030264    0.019709   0.0126748  0.00805555  0.00506863  0.00315297  0.00193427  0.00117053 0.000698206 0.000410228 0.000237388 0.000135228 7.57972e-05 4.17979e-05 2.26651e-05 1.20813e-05 6.32516e-06 3.25002e-06 1.63736e-06 8.08245e-07 3.90652e-07  1.8457e-07 8.52177e-08  3.8396e-08 1.68598e-08 7.21095e-09 2.99907e-09 1.21167e-09 4.75216e-10 1.80624e-10 6.65036e-11 2.37309e-11 8.18838e-12 2.72488e-12 8.74477e-13 2.70081e-13 7.98502e-14 2.23863e-14 5.79171e-15 1.25752e-15 1.28092e-16
    2.08603      1.0998    0.630205    0.383743    0.243656    0.159054    0.105529     0.06987    0.046225    0.030404   0.0197495   0.0126679  0.00802543  0.00503035  0.00311596  0.00190249  0.00114476 0.000678899 0.000396484 0.000227676 0.000128581 7.13881e-05 3.89591e-05 2.08887e-05 1.09996e-05 5.68388e-06  2.8796e-06 1.42875e-06 6.93806e-07 3.29554e-07 1.52842e-07 6.92094e-08 3.05469e-08 1.31232e-08 5.48499e-09 2.22617e-09 8.76429e-10 3.34471e-10 1.23493e-10 4.40898e-11 1.52289e-11 5.07712e-12 1.62927e-12 5.03563e-13   1.495e-13 4.24007e-14 1.13846e-14 2.81746e-15 5.84501e-16 5.66276e-17
    2.11689     1.11537    0.639008    0.388814     0.24687    0.160816    0.106677   0.0705515   0.0465777   0.0305706   0.0198121   0.0126731  0.00800117  0.00499488  0.00308022  0.00187197  0.00112019 0.000660281 0.000383111  0.00021837 0.000122299 6.72783e-05 3.63483e-05 1.92767e-05 1.00308e-05 5.11728e-06 2.55739e-06 1.25035e-06 5.97593e-07 2.79038e-07  1.2707e-07 5.64425e-08 2.44072e-08 1.02605e-08  4.1919e-09 1.66083e-09 6.37395e-10 2.36762e-10 8.49353e-11 2.94126e-11 9.83915e-12 3.17124e-12 9.81997e-13 2.92381e-13 8.34507e-14 2.27042e-14 5.83894e-15 1.38368e-15 2.75273e-16 2.58834e-17
    2.14752     1.13128    0.647736    0.393815     0.24993    0.162575    0.107763   0.0712184   0.0469561   0.0307576   0.0198941   0.0126924  0.00798846  0.00496765  0.00304931  0.00184379  0.00109738 0.000642818 0.000370407 0.000209587 0.000116423 6.34729e-05 3.39583e-05 1.78192e-05 9.16497e-06 4.61683e-06 2.27671e-06  1.0975e-06 5.16665e-07 2.37347e-07  1.0621e-07 4.63002e-08 1.96251e-08 8.07709e-09 3.22695e-09 1.24862e-09 4.67418e-10 1.69123e-10 5.89974e-11 1.98326e-11 6.43018e-12 2.00523e-12 5.99718e-13 1.72096e-13 4.72279e-14 1.23255e-14 3.03775e-15 6.90873e-16 1.32622e-16 1.24092e-17
    2.17768     1.14786    0.656564    0.398723    0.252889    0.164327     0.10878   0.0718351   0.0473059   0.0309339   0.0199693   0.0127102  0.00797708  0.00494212  0.00302002  0.00181729  0.00107566 0.000626189 0.000358348 0.000201332 0.000110959 5.99689e-05 3.17782e-05 1.65037e-05 8.39278e-06 4.17607e-06 2.03226e-06 9.66027e-07 4.48099e-07  2.0264e-07 8.91795e-08 3.81826e-08 1.58782e-08  6.4046e-09 2.50453e-09  9.4729e-10 3.46243e-10 1.22189e-10 4.15164e-11  1.3571e-11 4.27004e-12 1.28981e-12 3.73007e-13 1.03306e-13 2.72912e-14 6.83924e-15 1.61783e-15 3.54427e-16 6.61601e-17 6.28282e-18
    2.20722     1.16451    0.665594    0.403619    0.255868    0.166042    0.109737   0.0723883   0.0476002    0.031072   0.0200185   0.0127116  0.00795531  0.00491039  0.00298723   0.0017893  0.00105331 0.000609408 0.000346371  0.00019322 0.000105664 5.66225e-05 2.97232e-05 1.52786e-05 7.68428e-06 3.77822e-06 1.81498e-06 8.50901e-07 3.88941e-07 1.73168e-07  7.4974e-08 3.15498e-08 1.28817e-08 5.09645e-09  1.9524e-09 7.22583e-10 2.58174e-10 8.89758e-11 2.94917e-11  9.3907e-12 2.87246e-12 8.41991e-13 2.36002e-13 6.33209e-14 1.61766e-14 3.91308e-15 8.92072e-16 1.88683e-16 3.43811e-17 3.35082e-18
    2.23542     1.18025    0.674264    0.408377    0.258763    0.167728    0.110654    0.072899   0.0478581   0.0311854    0.020052   0.0127013  0.00792579  0.00487486   0.0029528  0.00176011  0.00103052  0.00059261 0.000334562 0.000185271 0.000100515 5.34038e-05 2.77708e-05 1.41289e-05 7.02742e-06 3.41423e-06 1.61919e-06 7.48781e-07 3.37274e-07  1.4783e-07 6.29588e-08 2.60417e-08 1.04409e-08 4.05157e-09 1.52056e-09 5.50792e-10 1.92431e-10 6.47824e-11 2.09528e-11 6.50116e-12 1.93428e-12 5.50635e-13 1.49733e-13 3.90432e-14 9.69073e-15 2.27625e-15 5.02495e-16  1.0265e-16 1.81836e-17 1.77038e-18
    2.26226     1.19489    0.682265     0.41279    0.261345    0.169321     0.11155   0.0733988   0.0481117   0.0312987   0.0200874    0.012693  0.00789766  0.00484144   0.0029211  0.00173309  0.00100934 0.000577005 0.000323628 0.000177929 9.57722e-05 5.04473e-05 2.59893e-05 1.30889e-05 6.43899e-06 3.09145e-06 1.44746e-06 6.60247e-07 2.93049e-07 1.26439e-07 5.29559e-08 2.15231e-08 8.47103e-09 3.22317e-09 1.18458e-09 4.19696e-10 1.43271e-10 4.70831e-11  1.4849e-11 4.48638e-12  1.2976e-12 3.58505e-13  9.4459e-14 2.38867e-14 5.75002e-15 1.30951e-15 2.79921e-16 5.52748e-17  9.4905e-18 8.93748e-19
    2.28859      1.2085    0.689848    0.416985    0.263704    0.170758    0.112434   0.0739027   0.0483688    0.031415    0.020127   0.0126903  0.00787503  0.00481236  0.00289261   0.0017086 0.000990107 0.000562815 0.000313695 0.000171289 9.14995e-05 4.77947e-05 2.44012e-05 1.21694e-05 5.92406e-06 2.81225e-06 1.30065e-06 5.85462e-07  2.5618e-07 1.08856e-07 4.48522e-08  1.7912e-08 6.92047e-09 2.58257e-09  9.3002e-10 3.22473e-10 1.07578e-10 3.45035e-11 1.06078e-11 3.12194e-12 8.79073e-13 2.36168e-13 6.04157e-14  1.4782e-14 3.43863e-15 7.55976e-16 1.56136e-16 2.98773e-17 4.99868e-18 4.61549e-19
    2.31476     1.22223    0.697315    0.420911    0.266029    0.172096    0.113249   0.0744095   0.0486277   0.0315328   0.0201689    0.012691  0.00785683  0.00478705  0.00286658  0.00168584 0.000972251 0.000549699 0.000304556  0.00016521 8.76154e-05 4.54005e-05 2.29776e-05 1.13514e-05 5.46989e-06  2.5684e-06 1.17396e-06  5.2178e-07 2.25215e-07 9.43027e-08 3.82497e-08 1.50171e-08 5.69734e-09 2.08546e-09 7.35993e-10 2.49862e-10  8.1513e-11  2.5526e-11 7.65039e-12 2.19228e-12 6.00752e-13 1.56935e-13 3.90009e-14 9.24519e-15 2.08045e-15 4.41965e-16 8.82268e-17 1.63644e-17 2.67324e-18 2.44215e-19
    2.34068       1.237    0.704814    0.424709    0.268322    0.173436    0.114007   0.0748812   0.0488725   0.0316499   0.0202154   0.0126956   0.0078423  0.00476529   0.0028437  0.00166552 0.000956167 0.000537834 0.000296276 0.000159704 8.41101e-05 4.32528e-05  2.1707e-05 1.06254e-05 5.06942e-06 2.35505e-06 1.06421e-06 4.67244e-07 1.99053e-07  8.2187e-08 3.28376e-08 1.26833e-08 4.72859e-09  1.6988e-09 5.87698e-10 1.95353e-10 6.23393e-11 1.90784e-11 5.58176e-12 1.55884e-12 4.15462e-13 1.05388e-13 2.53932e-14 5.83485e-15 1.27186e-15 2.61671e-16 5.06342e-17 9.13468e-18  1.4654e-18 1.33855e-19
    2.36599     1.25168    0.712125     0.42861     0.27049    0.174764    0.114773   0.0753246   0.0491018   0.0317583   0.0202578   0.0126984   0.0078268  0.00474508  0.00282405   0.0016477 0.000941881 0.000527212 0.000288826 0.000154748 8.09619e-05 4.13319e-05 2.05775e-05 9.98464e-06 4.71856e-06 2.16968e-06 9.69675e-07 4.20722e-07 1.76982e-07 7.20992e-08 2.83973e-08 1.07992e-08 3.95942e-09 1.39726e-09 4.74286e-10 1.54519e-10 4.82614e-11 1.44365e-11 4.12343e-12 1.12307e-12 2.91592e-13 7.19607e-14 1.68438e-14 3.75367e-15 7.93055e-16 1.58159e-16 2.97429e-17 5.25335e-18 8.38758e-19 7.99496e-20
     2.3916     1.26661    0.719354    0.432324    0.272554    0.176015    0.115503   0.0757836   0.0493422   0.0318682    0.020298   0.0127007  0.00781156  0.00472545  0.00280559  0.00163127 0.000928749  0.00051748 0.000282024 0.000150232 7.81004e-05 3.95915e-05 1.95593e-05 9.41085e-06 4.40732e-06 2.00687e-06 8.87585e-07 3.80816e-07 1.58275e-07 6.36485e-08 2.47247e-08 9.26683e-09 3.34512e-09 1.16087e-09 3.87027e-10 1.23716e-10 3.78607e-11 1.10792e-11 3.09127e-12 8.21448e-13 2.07905e-13  4.9967e-14 1.13809e-14 2.46573e-15 5.06407e-16 9.82976e-17 1.80638e-17 3.15097e-18 5.09763e-19 5.32154e-20
    2.41819     1.28224    0.726777    0.435958    0.274448    0.177199    0.116189   0.0762289   0.0495835   0.0319819   0.0203459   0.0127111  0.00780281  0.00470938  0.00278838  0.00161602 0.000916611  0.00050852 0.000275789 0.000146111 7.55004e-05 3.80166e-05 1.86421e-05 8.89679e-06 4.13052e-06 1.86335e-06 8.15969e-07 3.46406e-07 1.42342e-07 5.65426e-08 2.16772e-08 8.01173e-09 2.84946e-09 9.73453e-10 3.19185e-10 1.00242e-10 3.00946e-11 8.62599e-12 2.35463e-12  6.1142e-13 1.51006e-13 3.53707e-14 7.84343e-15 1.65546e-15 3.31644e-16  6.3006e-17 1.14143e-17 1.99439e-18   3.347e-19 3.95655e-20
    2.44491     1.29718    0.734656    0.439608    0.276243     0.17828    0.116798   0.0766533   0.0498218   0.0320994   0.0203995   0.0127265  0.00779782   0.0046961   0.0027733   0.0016024 0.000905696 0.000500494 0.000270243 0.000142463 7.32065e-05 3.66294e-05  1.7837e-05  8.4478e-06 3.88962e-06 1.73896e-06 7.54256e-07 3.16962e-07 1.28835e-07  5.0586e-08 1.91528e-08 6.98412e-09 2.44874e-09 8.24017e-10 2.65932e-10  8.2137e-11 2.42253e-11 6.81268e-12  1.8225e-12 4.63284e-13 1.11895e-13 2.56117e-14 5.54691e-15 1.14317e-15 2.24081e-16 4.18786e-17 7.55446e-18 1.34559e-18 2.39776e-19 3.24559e-20
    2.47119     1.31131     0.74289     0.44308    0.278073    0.179186    0.117326   0.0770334   0.0500445   0.0322095   0.0204549    0.012748  0.00779732    0.004686  0.00276047  0.00159038 0.000895955 0.000493321 0.000265307 0.000139228 7.11774e-05 3.54036e-05 1.71274e-05 8.05379e-06 3.67932e-06 1.63103e-06 7.01008e-07 2.91718e-07  1.1735e-07 4.55717e-08 1.70515e-08 6.14031e-09 2.12434e-09 7.04753e-10 2.24037e-10  6.8118e-11 1.97633e-11 5.46211e-12  1.4346e-12 3.57689e-13 8.46761e-14 1.89936e-14 4.03271e-15 8.15425e-16 1.57367e-16 2.91858e-17 5.30669e-18 9.78252e-19 1.87201e-19 2.84008e-20
    2.49706     1.32557    0.751025    0.446964    0.279925    0.180052    0.117811    0.077323   0.0502378   0.0323062   0.0205083   0.0127735  0.00780123  0.00467919  0.00274992  0.00157993 0.000887305 0.000486855 0.000260812 0.000136261 6.93255e-05  3.4301e-05 1.64956e-05 7.70598e-06 3.49517e-06 1.53731e-06 6.55115e-07 2.70121e-07   1.076e-07 4.13492e-08 1.52981e-08 5.44416e-09 1.86011e-09 6.08981e-10 1.90911e-10 5.72116e-11 1.63516e-11 4.44854e-12 1.14925e-12 2.81666e-13 6.55237e-14 1.44472e-14 3.01854e-15  6.0211e-16 1.15254e-16 2.14229e-17 3.97191e-18 7.65229e-19  1.5703e-19 2.59262e-20
    2.52162     1.33926    0.759015    0.451506    0.281897    0.181045    0.118252   0.0775609   0.0504009   0.0323944   0.0205555   0.0127944  0.00780443  0.00467238  0.00273972  0.00157102 0.000879676 0.000481057 0.000256753 0.000133573  6.7652e-05  3.3315e-05 1.59362e-05 7.40055e-06 3.33458e-06 1.45612e-06 6.15643e-07  2.5169e-07 9.93451e-08 3.78036e-08 1.38391e-08 4.87057e-09 1.64476e-09 5.31878e-10 1.64601e-10 4.86741e-11 1.37247e-11 3.68277e-12 9.38013e-13 2.26588e-13 5.19589e-14  1.1303e-14 2.33451e-15 4.61899e-16 8.83121e-17 1.65924e-17 3.16406e-18 6.39552e-19 1.39493e-19 2.44298e-20
    2.54515     1.35241    0.767129    0.456301    0.284002    0.182192    0.118703   0.0778108   0.0505299   0.0324591   0.0205883   0.0128079  0.00780605  0.00466674  0.00273132  0.00156417 0.000873495 0.000476166 0.000253262 0.000131257 6.62006e-05 3.24519e-05 1.54452e-05 7.13261e-06 3.19415e-06 1.38544e-06 5.81487e-07 2.35855e-07 9.23085e-08 3.48064e-08 1.26172e-08 4.39515e-09 1.46827e-09 4.69507e-10 1.43635e-10  4.1975e-11 1.16951e-11 3.10065e-12 7.80259e-13 1.86245e-13 4.22255e-14 9.09533e-15 1.86517e-15 3.68176e-16 7.07877e-17 1.35383e-17 2.66616e-18 5.62985e-19 1.28537e-19 2.32512e-20
    2.56896     1.36534    0.775191    0.461023    0.286331    0.183513    0.119232   0.0780522   0.0506485   0.0325034    0.020605   0.0128122  0.00780481  0.00466342  0.00272671  0.00155918  0.00086868 0.000472161 0.000250315 0.000129266 6.49391e-05 3.16947e-05 1.50136e-05 6.89765e-06 3.07155e-06 1.32407e-06 5.52036e-07 2.22308e-07 8.63351e-08 3.22812e-08 1.15963e-08 4.00159e-09 1.32367e-09 4.19021e-10 1.26908e-10 3.67122e-11 1.01243e-11 2.65671e-12 6.61833e-13 1.56468e-13 3.51701e-14 7.52522e-15 1.53789e-15 3.04217e-16 5.90887e-17 1.15421e-17 2.34607e-18 5.13739e-19 1.21161e-19 2.23254e-20
    2.59144      1.3774    0.782224     0.46556    0.288707    0.184971    0.119941   0.0783212   0.0507835   0.0325444   0.0206095   0.0128061   0.0077974  0.00465794  0.00272223  0.00155449 0.000864861 0.000469041 0.000247958 0.000127624 6.38756e-05 3.10458e-05 1.46407e-05 6.69401e-06 2.96552e-06 1.27121e-06 5.26837e-07 2.10807e-07 8.13016e-08 3.01677e-08 1.07481e-08 3.67766e-09 1.20585e-09 3.78345e-10 1.13599e-10 3.25823e-11 8.90965e-12 2.31858e-12 5.73064e-13 1.34533e-13   3.007e-14 6.41312e-15 1.31101e-15 2.60575e-16 5.12168e-17 1.02067e-17 2.13212e-18 4.81006e-19 1.16239e-19 2.17452e-20
    2.61105     1.38926    0.788179    0.469862    0.291003    0.186404    0.120831   0.0787215   0.0509795   0.0326132    0.020616   0.0127956  0.00778509  0.00464775  0.00271437  0.00154831 0.000861057 0.000466399 0.000246059 0.000126303 6.30115e-05 3.05094e-05 1.43267e-05 6.52003e-06 2.87439e-06 1.22573e-06 5.05234e-07  2.0101e-07 7.70474e-08 2.83968e-08 1.00436e-08 3.41139e-09 1.11009e-09 3.45656e-10 1.03024e-10 2.93408e-11 7.96989e-12 2.06116e-12 5.06637e-13 1.18414e-13 2.63927e-14 5.62798e-15  1.1546e-15 2.31068e-16 4.59736e-17 9.32106e-18 1.98967e-18 4.59335e-19 1.13014e-19 2.13956e-20
    2.62867     1.40088    0.793834    0.473725     0.29338    0.187729    0.121778   0.0792061   0.0512829   0.0327446   0.0206489   0.0127962   0.0077757  0.00463585  0.00270407  0.00154073 0.000856367 0.000463454 0.000244188 0.000125102 6.22699e-05 3.00688e-05 1.40697e-05 6.37615e-06 2.79831e-06 1.18754e-06 4.87032e-07 1.92752e-07 7.34723e-08 2.69163e-08 9.45861e-09 3.19236e-09 1.03213e-09 3.19348e-10 9.46215e-11 2.67999e-11 7.24398e-12 1.86549e-12 4.57013e-13  1.0657e-13 2.37288e-14 5.06808e-15 1.04513e-15 2.11107e-16 4.25564e-17 8.76754e-18 1.90458e-18  4.4714e-19 1.11364e-19 2.12666e-20
     2.6445     1.41059    0.799322    0.477243    0.295621    0.188958    0.122692   0.0797106    0.051665   0.0329492    0.020737   0.0128287  0.00778062  0.00462899  0.00269499  0.00153285 0.000850793 0.000459836 0.000241968 0.000123781 6.15211e-05  2.9669e-05 1.38516e-05 6.25818e-06 2.73673e-06 1.15682e-06 4.72346e-07 1.86058e-07 7.05684e-08 2.57139e-08 8.98427e-09 3.01489e-09 9.69128e-10 2.98222e-10 8.79432e-11 2.48024e-11 6.67973e-12 1.71508e-12 4.19316e-13 9.77135e-14 2.17792e-14 4.66858e-15 9.69405e-16 1.97841e-16 4.04015e-17 8.44253e-18  1.8597e-18 4.41896e-19 1.10922e-19 2.12878e-20
    2.65785     1.41777    0.804474    0.480321    0.297495    0.190051    0.123505   0.0802506   0.0520478    0.033189   0.0208789   0.0129013  0.00780917  0.00463704  0.00269507  0.00152881 0.000846391 0.000456419 0.000239661 0.000122375 6.07149e-05 2.92391e-05 1.36275e-05 6.14372e-06 2.68011e-06 1.12987e-06 4.59906e-07 1.80538e-07 6.82307e-08  2.4768e-08 8.61938e-09 2.87835e-09 9.20669e-10 2.82016e-10 8.28451e-11 2.32862e-11 6.25078e-12 1.59973e-12 3.90153e-13 9.09065e-14 2.03303e-14 4.38457e-15 9.18687e-16 1.89263e-16 3.90556e-17 8.24544e-18 1.83378e-18 4.39325e-19 1.10743e-19  2.1222e-20
    2.66805     1.42339    0.808594    0.482572    0.298976     0.19098    0.124174   0.0807351   0.0523927   0.0334189    0.021033   0.0129956    0.007859  0.00466298  0.00270866  0.00153383 0.000846915  0.00045539 0.000238391 0.000121325 6.00005e-05 2.88071e-05 1.33928e-05 6.02338e-06 2.62194e-06 1.10304e-06 4.47993e-07 1.75461e-07 6.61596e-08 2.39597e-08 8.31944e-09 2.77004e-09 8.83338e-10 2.69896e-10 7.91476e-11 2.22218e-11 5.95506e-12 1.52026e-12 3.70086e-13 8.62589e-14 1.93628e-14 4.20185e-15 8.87914e-16 1.84353e-16 3.83311e-17 8.14532e-18 1.82218e-18 4.38646e-19 1.10644e-19 2.10646e-20
    2.67331     1.42731    0.810823    0.484014    0.299948    0.191571    0.124678   0.0811132   0.0526621   0.0336134   0.0211602   0.0130831  0.00791455  0.00469539  0.00272773  0.00154516 0.000852223 0.000457481 0.000239002 0.000121298 5.98012e-05 2.86142e-05 1.32597e-05 5.94341e-06 2.57722e-06 1.08008e-06 4.37042e-07 1.70561e-07 6.41254e-08 2.31732e-08    8.03e-09 2.66949e-09  8.5004e-10 2.59453e-10 7.60292e-11 2.13408e-11 5.72015e-12 1.46111e-12  3.5624e-13 8.32451e-14  1.8753e-14 4.09113e-15  8.7064e-16 1.82486e-16 3.83114e-17 8.21398e-18 1.85008e-18 4.46721e-19 1.12566e-19 2.14517e-20
    2.67596     1.42784    0.810696    0.484607    0.300313    0.191823    0.124947    0.081367   0.0528172   0.0337368   0.0212414   0.0131438  0.00795831  0.00472188  0.00274404  0.00155529  0.00085775 0.000460334 0.000240433 0.000122026 6.01209e-05 2.87253e-05 1.32859e-05 5.94155e-06 2.56815e-06  1.0726e-06 4.32479e-07 1.68179e-07 6.30397e-08 2.27298e-08 7.86059e-09 2.60581e-09 8.27499e-10 2.51306e-10 7.30697e-11 2.03857e-11 5.45362e-12 1.39565e-12  3.4141e-13 8.01149e-14 1.81269e-14 3.97753e-15 8.52787e-16 1.80822e-16 3.84513e-17 8.35018e-18 1.89941e-18 4.60194e-19  1.1581e-19 2.20965e-20
    2.68689     1.42825    0.807933    0.483826     0.29997     0.19167    0.124902   0.0813807   0.0528306   0.0337634   0.0212678   0.0131694  0.00797864  0.00473527  0.00275302  0.00155981  0.00086082   0.0004621 0.000241331 0.000122516 6.03753e-05 2.88479e-05 1.33469e-05 5.97162e-06 2.58065e-06 1.07729e-06 4.33862e-07 1.68455e-07 6.30625e-08 2.27233e-08 7.85724e-09 2.60094e-09 8.24821e-10 2.49696e-10 7.21959e-11 2.00557e-11 5.36053e-12 1.37555e-12 3.38143e-13 7.98579e-14 1.82023e-14 4.02847e-15 8.72178e-16 1.86914e-16 4.01722e-17 8.80476e-18 2.00174e-18  4.7933e-19 1.19097e-19 2.24059e-20
    2.70921     1.43538    0.807511    0.482922    0.299093    0.190934      0.1244   0.0810606   0.0526607   0.0336701   0.0212171   0.0131446  0.00796539  0.00472784  0.00274891  0.00155701 0.000859858 0.000461684 0.000241032 0.000122324 6.02643e-05  2.8791e-05  1.3326e-05 5.96742e-06 2.57936e-06 1.07663e-06 4.33452e-07 1.68216e-07 6.29528e-08 2.26881e-08 7.85203e-09 2.60288e-09 8.26817e-10 2.51043e-10 7.28781e-11 2.03218e-11 5.45168e-12  1.4052e-12 3.47641e-13 8.27448e-14 1.90254e-14 4.25021e-15 9.29142e-16 2.00838e-16  4.3468e-17 9.56929e-18 2.16713e-18 5.12302e-19 1.25601e-19   2.357e-20
    2.73634      1.4494    0.812953    0.484503    0.299189    0.190587    0.124004   0.0807518   0.0524656   0.0335396   0.0211294   0.0130878  0.00792903  0.00470446  0.00273409  0.00154814   0.0008546 0.000458617 0.000239269 0.000121373 5.97639e-05 2.85335e-05 1.32003e-05 5.90926e-06 2.55307e-06 1.06507e-06 4.28656e-07 1.66337e-07 6.22262e-08 2.24089e-08 7.75185e-09 2.56996e-09 8.16635e-10  2.4823e-10 7.21929e-11 2.01667e-11 5.42029e-12  1.4006e-12 3.47778e-13 8.31553e-14 1.92148e-14 4.31486e-15  9.4828e-16 2.05971e-16 4.47469e-17 9.87194e-18 2.24059e-18 5.30524e-19 1.29882e-19 2.42748e-20
    2.76524      1.4666    0.821673    0.488811    0.301237    0.191499    0.124393    0.080915   0.0525283     0.03356   0.0211304   0.0130813   0.0079212  0.00469731  0.00272829  0.00154402 0.000851834 0.000456881 0.000238228 0.000120772 5.94322e-05 2.83582e-05 1.31111e-05 5.86577e-06 2.53303e-06  1.0562e-06 4.24874e-07 1.64792e-07 6.16173e-08 2.21785e-08 7.67064e-09 2.54291e-09 8.08146e-10 2.45804e-10 7.15533e-11 2.00049e-11 5.38133e-12 1.39217e-12 3.46343e-13 8.30241e-14 1.92409e-14 4.33375e-15 9.55272e-16 2.08012e-16 4.52661e-17 9.99204e-18 2.26878e-18 5.37118e-19 1.31156e-19  2.4238e-20
    2.79474     1.48521    0.831879    0.494557     0.30454     0.19338    0.125475   0.0815555   0.0529106   0.0337933   0.0212698   0.0131633  0.00796898   0.0047243  0.00274302    0.001552  0.00085599    0.000459 0.000239268 0.000121256 5.96497e-05 2.84522e-05 1.31493e-05 5.88061e-06 2.53854e-06 1.05807e-06 4.25437e-07 1.64938e-07 6.16446e-08 2.21797e-08 7.67017e-09 2.54318e-09 8.08504e-10 2.46111e-10 7.17237e-11 2.00737e-11 5.40593e-12 1.40062e-12  3.4917e-13 8.39235e-14 1.95072e-14 4.40671e-15 9.74095e-16 2.12582e-16 4.63188e-17 1.02255e-17 2.32093e-18 5.48861e-19 1.33632e-19 2.45486e-20
     2.8244     1.50456    0.842781    0.500945    0.308431    0.195769    0.126958   0.0824885    0.053493   0.0341581   0.0214922   0.0132959  0.00804639  0.00476777  0.00276641   0.0015642 0.000862015  0.00046186 0.000240553 0.000121802 5.98696e-05 2.85355e-05 1.31783e-05 5.88962e-06 2.54096e-06 1.05846e-06 4.25339e-07 1.64807e-07 6.15632e-08 2.21418e-08 7.65575e-09 2.53887e-09 8.07441e-10 2.45975e-10 7.17612e-11 2.01061e-11 5.42077e-12 1.40643e-12 3.51284e-13 8.46248e-14 1.97188e-14 4.46554e-15 9.89444e-16  2.1634e-16 4.71903e-17 1.04201e-17 2.36429e-18 5.58505e-19 1.35629e-19 2.47778e-20
    2.85393     1.52439    0.854076    0.507642    0.312576    0.198365    0.128597   0.0835245   0.0541282   0.0345388   0.0217098   0.0134155     0.00811  0.00479987   0.0027816  0.00157091 0.000864657 0.000462738 0.000240733 0.000121771 5.98001e-05 2.84812e-05 1.31459e-05 5.87252e-06 2.53315e-06 1.05513e-06 4.24016e-07 1.64318e-07 6.13929e-08 2.20877e-08 7.64133e-09 2.53596e-09 8.07307e-10 2.46249e-10 7.19471e-11 2.01897e-11 5.45147e-12 1.41666e-12  3.5455e-13 8.56028e-14 1.99909e-14  4.5371e-15 1.00738e-15 2.20578e-16   4.815e-17 1.06314e-17 2.41063e-18 5.68635e-19 1.37738e-19 2.50829e-20
    2.88307     1.54451    0.865626    0.514501    0.316809    0.200991    0.130204   0.0844802   0.0546566   0.0348132   0.0218404   0.0134724   0.0081323  0.00480689  0.00278257  0.00157007 0.000863629 0.000461953 0.000240224 0.000121481 5.96472e-05 2.84061e-05  1.3111e-05 5.85737e-06 2.52707e-06 1.05285e-06 4.23211e-07  1.6406e-07 6.13184e-08 2.20701e-08  7.6399e-09  2.5373e-09 8.08465e-10 2.46885e-10  7.2228e-11 2.02968e-11 5.48795e-12 1.42829e-12 3.58111e-13 8.66366e-14 2.02735e-14 4.61052e-15 1.02564e-15 2.24874e-16 4.91237e-17 1.08473e-17 2.45825e-18 5.79093e-19 1.39976e-19 2.54923e-20
    2.91159     1.56482     0.87733    0.521374    0.320909    0.203397    0.131549   0.0851831   0.0549754   0.0349337   0.0218711   0.0134703  0.00812256  0.00479807  0.00277647  0.00156647 0.000861706 0.000460997 0.000239778 0.000121277 5.95579e-05  2.8368e-05 1.30947e-05 5.85058e-06 2.52436e-06 1.05182e-06 4.22843e-07 1.63942e-07 6.12867e-08 2.20653e-08 7.64158e-09 2.53944e-09 8.09777e-10 2.47529e-10 7.25016e-11  2.0399e-11 5.52246e-12  1.4392e-12  3.6142e-13  8.7587e-14  2.0531e-14 4.67706e-15 1.04213e-15 2.28749e-16 5.00044e-17 1.10439e-17 2.50184e-18 5.88725e-19 1.42082e-19 2.59675e-20
    2.93919     1.58519    0.888648    0.527648    0.324357    0.205227    0.132455   0.0855907   0.0551198   0.0349588   0.0218529   0.0134448  0.00810276  0.00478583  0.00276993  0.00156344 0.000860428  0.00046051 0.000239616 0.000121214 5.95334e-05 2.83566e-05 1.30888e-05 5.84751e-06 2.52294e-06 1.05119e-06 4.22601e-07 1.63859e-07 6.12634e-08 2.20618e-08 7.64284e-09 2.54108e-09 8.10778e-10 2.48021e-10 7.27123e-11 2.04785e-11 5.54949e-12  1.4478e-12 3.64035e-13  8.8338e-14 2.07344e-14  4.7297e-15 1.05519e-15  2.3182e-16 5.07048e-17  1.1201e-17 2.53686e-18 5.96499e-19 1.43811e-19 2.65156e-20
    2.96527     1.60545    0.899021    0.532901    0.326982     0.20649    0.133021   0.0858147   0.0551791   0.0349499   0.0218241   0.0134179  0.00808448  0.00477566  0.00276517  0.00156167  0.00085989 0.000460408 0.000239632 0.000121224 5.95361e-05 2.83542e-05 1.30859e-05 5.84548e-06 2.52192e-06 1.05073e-06 4.22424e-07 1.63801e-07 6.12477e-08 2.20597e-08 7.64385e-09 2.54219e-09 8.11436e-10 2.48341e-10 7.28493e-11 2.05302e-11 5.56724e-12 1.45351e-12 3.65779e-13 8.88403e-14 2.08706e-14 4.76498e-15 1.06395e-15 2.33877e-16 5.11732e-17 1.13061e-17  2.5602e-18  6.0164e-19 1.44958e-19 2.74492e-20