  0.0309232 5.84651e-18 1.57085e-24 2.89038e-24 5.70158e-24 1.27459e-23 3.37377e-23 1.06655e-22 4.01237e-22 1.85073e-21 1.08502e-20  8.1576e-20 7.13399e-19 5.53135e-18 3.17499e-17 1.63729e-16 3.34793e-13 6.03541e-12 5.84286e-12 3.85113e-12 2.06422e-12 1.01236e-12 4.67976e-13 2.03654e-13 8.32619e-14 3.29338e-14 1.25147e-14 4.65909e-15 1.70683e-15 6.15517e-16 2.21537e-16 7.88395e-17 2.80638e-17  9.9697e-18 3.53441e-18 1.25357e-18 4.44489e-19 1.57591e-19 5.59059e-20 1.98398e-20 7.04282e-21 2.50163e-21 8.89107e-22  3.1615e-22 1.12482e-22 4.00415e-23 1.42628e-23  5.0835e-24 1.81272e-24 6.54277e-25
  0.0889159   0.0263121   0.0118472  0.00531295  0.00235693  0.00104843 0.000466923 0.000199253 7.54265e-05 2.33959e-05 5.56252e-06 1.05548e-06 2.05151e-07 5.28041e-08 1.67791e-08 5.69643e-09 1.95851e-09 6.78322e-10 2.35877e-10 8.20351e-11 2.84758e-11 9.88064e-12 3.42087e-12 1.18171e-12 4.07493e-13 1.40456e-13 4.85379e-14 1.68215e-14 5.84973e-15  2.0428e-15 7.14656e-16 2.50901e-16 8.82125e-17 3.10582e-17 1.09518e-17 3.86574e-18   1.366e-18 4.83142e-19 1.71009e-19  6.0579e-20 2.14776e-20 7.62034e-21 2.70559e-21 9.61265e-22 3.41746e-22 1.21571e-22 4.32714e-23 1.54096e-23 5.49048e-24 1.96074e-24
   0.139432   0.0494285   0.0223042   0.0100296  0.00445839   0.0019839 0.000883464   0.0003777 0.000144097 4.55139e-05  1.1198e-05 2.21886e-06 4.32597e-07 1.04589e-07 3.12909e-08 1.02893e-08 3.48167e-09 1.19039e-09 4.08842e-10 1.40445e-10  4.8262e-11 1.65996e-11 5.70696e-12 1.96291e-12 6.75463e-13 2.32739e-13 8.04679e-14 2.79054e-14  9.7116e-15  3.3931e-15 1.18762e-15 4.17081e-16 1.46686e-16 5.16598e-17 1.82203e-17 6.43266e-18 2.27334e-18 8.04183e-19 2.84706e-19 1.00876e-19 3.57701e-20 1.26928e-20 4.50703e-21 1.60147e-21 5.69389e-22 2.02565e-22 7.21053e-23 2.56795e-23 9.15009e-24 3.26882e-24
   0.184543    0.070234   0.0317756   0.0143351  0.00638906  0.00284579  0.00126836  0.00054417 0.000210021   6.807e-05 1.75718e-05 3.71015e-06  7.4294e-07 1.69961e-07 4.69817e-08 1.46801e-08 4.84422e-09 1.63517e-09 5.58418e-10  1.9177e-10 6.60463e-11 2.27993e-11 7.87271e-12 2.72082e-12 9.39861e-13 3.24867e-13 1.12505e-13  3.9043e-14  1.3591e-14 4.74776e-15 1.66147e-15 5.83437e-16 2.05193e-16 7.22656e-17 2.54897e-17 8.99998e-18 3.18092e-18 1.12534e-18 3.98442e-19 1.41186e-19 5.00677e-20 1.77676e-20 6.30951e-21  2.2421e-21 7.97227e-22 2.83644e-22 1.00974e-22  3.5964e-23 1.28157e-23 4.58011e-24
    0.22568   0.0893354   0.0405404   0.0183571  0.00820831  0.00366221  0.00163492 0.000704891 0.000276021 9.23006e-05 2.52165e-05 5.74592e-06 1.21177e-06 2.70702e-07  6.9312e-08 2.01733e-08 6.36284e-09 2.08852e-09 7.03914e-10 2.40948e-10 8.31381e-11 2.88251e-11 1.00062e-11 3.47688e-12 1.20617e-12 4.18321e-13  1.4508e-13  5.0361e-14 1.75238e-14 6.11626e-15 2.13851e-15 7.50535e-16 2.63868e-16 9.29072e-17  3.2769e-17 1.15703e-17 4.08955e-18 1.44691e-18  5.1235e-19 1.81566e-19 6.43936e-20 2.28538e-20 8.11647e-21 2.88449e-21 1.02575e-21 3.64989e-22 1.29947e-22 4.62891e-23 1.64972e-23 5.89785e-24
    0.26387    0.107168   0.0487995   0.0221887  0.00996052  0.00445478  0.00199331 0.000864624 0.000344215 0.000119159 3.46009e-05 8.56127e-06 1.93937e-06 4.41012e-07 1.08103e-07 2.93424e-08 8.68598e-09 2.70116e-09 8.77855e-10 2.94286e-10  1.0061e-10 3.48347e-11 1.21261e-11 4.23212e-12 1.47476e-12 5.13525e-13 1.78481e-13 6.19975e-14 2.15628e-14 7.51493e-15 2.62346e-15 9.19593e-16 3.23016e-16 1.13657e-16 4.00773e-17  1.4149e-17 5.00077e-18 1.76944e-18 6.26622e-19 2.22085e-19  7.8774e-20 2.79615e-20 9.93174e-21 3.53008e-21 1.25553e-21 4.46815e-22 1.59104e-22 5.66856e-23 2.02063e-23 7.22479e-24
    0.29989    0.124055   0.0567045   0.0259016   0.0116806  0.00524065  0.00235186  0.00102721 0.000416298 0.000149428 4.61633e-05 1.24185e-05 3.05696e-06 7.32865e-07 1.80602e-07 4.73739e-08 1.33053e-08 3.87014e-09 1.17906e-09 3.74365e-10 1.22979e-10 4.16171e-11  1.4352e-11 5.00067e-12 1.74703e-12 6.10766e-13 2.12972e-13 7.41294e-14 2.57916e-14 8.97469e-15 3.12684e-15 1.09355e-15 3.83407e-16 1.34707e-16 4.74642e-17 1.67484e-17 5.91787e-18 2.09394e-18 7.41591e-19 2.62857e-19 9.32515e-20 3.31068e-20 1.17614e-20 4.18118e-21 1.48743e-21 5.29452e-22 1.88569e-22 6.71999e-23 2.39609e-23 8.56401e-24
    0.33434    0.140248   0.0643742   0.0295544   0.0133974  0.00603443  0.00271785  0.00119599 0.000493718 0.000183787 6.03258e-05 1.76071e-05 4.72979e-06 1.22114e-06 3.15294e-07 8.40419e-08 2.34238e-08 6.58239e-09 1.89387e-09 5.58879e-10  1.6943e-10 5.34227e-11  1.7531e-11 5.93294e-12 2.04786e-12 7.13692e-13 2.49208e-13 8.69822e-14 3.03207e-14 1.05458e-14 3.66933e-15 1.27898e-15 4.46953e-16 1.56583e-16 5.50662e-17 1.94027e-17 6.84934e-18 2.42278e-18 8.57944e-19 3.04091e-19 1.07898e-19  3.8316e-20 1.36148e-20 4.84135e-21 1.72281e-21 6.13412e-22 2.18534e-22 7.79039e-23 2.77877e-23 9.91973e-24
   0.367696    0.155948   0.0719028   0.0331939   0.0151357  0.00684939  0.00309796   0.0013741 0.000577801 0.000222865 7.74966e-05 2.44357e-05  7.1559e-06 2.00765e-06 5.56164e-07 1.56387e-07 4.53139e-08  1.3033e-08 3.75555e-09 1.07985e-09 3.07275e-10 8.83844e-11 2.61484e-11 8.03565e-12 2.59017e-12 8.63713e-13 2.94926e-13 1.01999e-13  3.5464e-14 1.23255e-14 4.28838e-15 1.48957e-15  5.1825e-16 1.80731e-16 6.32866e-17 2.22176e-17 7.82226e-18 2.76311e-18 9.77543e-19 3.46281e-19 1.22866e-19 4.36387e-20 1.55085e-20 5.51649e-21 1.96389e-21 6.99527e-22  2.4931e-22 8.89148e-23  3.1731e-23 1.12998e-23
   0.400342     0.17132   0.0793698   0.0368597   0.0169167  0.00769781  0.00349848  0.00156451  0.00066983 0.000267274 9.80781e-05 3.32256e-05  1.0563e-05 3.22349e-06 9.66767e-07 2.91956e-07 9.02257e-08 2.76216e-08  8.4187e-09 2.53766e-09 7.40037e-10 2.10524e-10 5.89524e-11 1.64552e-11 4.70621e-12 1.38124e-12 4.23411e-13 1.35359e-13 4.47416e-14 1.51076e-14 5.16836e-15 1.77538e-15 6.11924e-16 2.11661e-16 7.34544e-17 2.55728e-17 8.94157e-18 3.14283e-18 1.10755e-18  3.9124e-19 1.38652e-19 4.92159e-20 1.74815e-20 6.21915e-21   2.215e-21 7.89301e-22 2.81433e-22 1.00432e-22 3.58659e-23 1.27149e-23
   0.432594    0.186503   0.0868431   0.0405876   0.0187602  0.00859119   0.0039259  0.00177063 0.000771341 0.000317655 0.000122468 4.43011e-05 1.52003e-05 5.02829e-06 1.63344e-06 5.32225e-07 1.76777e-07 5.83721e-08 1.92276e-08 6.29223e-09  1.9933e-09 6.12155e-10 1.81701e-10   5.213e-11 1.48451e-11  4.1342e-12 1.14442e-12 3.21189e-13 9.28015e-14 2.78847e-14 8.57409e-15 2.72926e-15 8.82049e-16 2.89918e-16 9.64245e-17 3.23828e-17 1.09948e-17 3.77204e-18 1.30303e-18  4.5343e-19 1.59122e-19 5.60784e-20 1.98016e-20 7.02574e-21 2.49884e-21   8.895e-22 3.16995e-22 1.13151e-22  4.0414e-23  1.4286e-23
   0.464713    0.201617   0.0943809   0.0444095   0.0206847  0.00954065  0.00438712  0.00199619 0.000884177 0.000374851 0.000151081 5.79858e-05 2.13316e-05 7.60677e-06 2.66678e-06 9.35895e-07 3.33661e-07  1.1876e-07 4.23232e-08 1.50862e-08 5.24925e-09 1.78305e-09 5.87129e-10 1.86596e-10 5.80885e-11 1.76349e-11 5.17447e-12 1.49344e-12 4.30564e-13 1.26078e-13 3.65535e-14   1.101e-14 3.30721e-15 9.99611e-16 3.04931e-16 9.32298e-17 2.86934e-17 8.89125e-18 2.77425e-18 8.79105e-19 2.84261e-19 9.29859e-20 3.07327e-20 1.04578e-20 3.59292e-21 1.24047e-21 4.32715e-22 1.52821e-22 5.31973e-23 2.35683e-23
   0.496916    0.216763    0.102035   0.0483539   0.0227069   0.0105575  0.00488929  0.00224513  0.00101034 0.000439897 0.000184438  7.4612e-05 2.92287e-05  1.1165e-05  4.2014e-06 1.58101e-06 6.02386e-07 2.29844e-07 8.80606e-08 3.39271e-08 1.28691e-08   4.806e-09 1.75373e-09 6.21722e-10 2.15638e-10 7.30602e-11 2.39557e-11 7.68792e-12 2.44699e-12 7.82877e-13 2.46219e-13 8.03541e-14 2.60133e-14 8.44396e-15 2.77417e-15  9.0827e-16 2.96667e-16 9.65358e-17 3.13059e-17 1.01286e-17 3.26915e-18  1.0538e-18 3.40138e-19 1.12822e-19 3.76043e-20 1.25706e-20  4.2952e-21 1.51275e-21 4.94653e-22 4.17028e-22
   0.529386    0.232032    0.109851   0.0524458   0.0248428   0.0116527  0.00543991  0.00252204  0.00115229 0.000514007 0.000223217 9.45433e-05  3.9167e-05 1.59222e-05 6.39331e-06 2.56584e-06 1.03953e-06 4.22496e-07 1.72714e-07 7.12261e-08 2.91199e-08 1.18034e-08 4.71121e-09 1.83973e-09 7.05162e-10 2.63939e-10 9.63355e-11  3.4441e-11 1.21809e-11  4.3018e-12 1.49496e-12 5.34848e-13 1.89855e-13 6.77074e-14 2.45636e-14 8.89692e-15 3.23602e-15 1.18263e-15 4.32216e-16 1.57621e-16 5.72437e-17 2.07964e-17   7.569e-18 2.75526e-18 1.00456e-18 3.67381e-19 1.35558e-19 5.05102e-20  1.7709e-20 1.44857e-20
    0.56227    0.247512     0.11787   0.0567095   0.0271085   0.0128377  0.00604706  0.00283208  0.00131298 0.000598743  0.00026822 0.000118265 5.14324e-05 2.21042e-05 9.41459e-06  4.0082e-06 1.71804e-06 7.39331e-07 3.20269e-07 1.40126e-07 6.10869e-08 2.65371e-08 1.14237e-08 4.83959e-09 2.02075e-09 8.25124e-10 3.30722e-10 1.30148e-10 5.06085e-11 1.95634e-11  7.4554e-12  2.8926e-12 1.11343e-12 4.30008e-13 1.68517e-13 6.59091e-14 2.59812e-14 1.03452e-14 4.12492e-15 1.64919e-15   6.623e-16  2.6681e-16 1.07799e-16 4.35097e-17 1.75958e-17 7.14427e-18 2.89631e-18 1.16559e-18 4.51102e-19 3.36429e-19
   0.595696    0.263274    0.126127   0.0611677   0.0295198   0.0141236  0.00671925  0.00318115  0.00149592 0.000696095 0.000320506 0.000146349 6.63923e-05  2.9948e-05 1.34472e-05 6.04182e-06 2.72731e-06 1.23612e-06 5.64014e-07 2.59897e-07 1.19722e-07 5.51409e-08 2.52821e-08 1.14613e-08 5.13519e-09 2.26272e-09 9.82041e-10 4.19614e-10 1.77132e-10 7.41529e-11 3.06576e-11 1.27821e-11 5.28816e-12 2.18946e-12 9.15021e-13 3.81261e-13 1.59874e-13 6.76194e-14  2.8616e-14 1.21707e-14 5.22573e-15  2.2536e-15 9.74661e-16 4.24884e-16 1.86137e-16 8.18544e-17 3.59642e-17 1.56964e-17 6.72355e-18 4.35343e-18
   0.629773    0.279381    0.134656   0.0658426   0.0320919    0.015522  0.00746547  0.00357577  0.00170545 0.000808604 0.000381478 0.000179549 8.44743e-05 3.97398e-05  1.8691e-05 8.81212e-06  4.1714e-06 1.98225e-06 9.47928e-07 4.57312e-07 2.20959e-07 1.06935e-07 5.16726e-08 2.47828e-08 1.17895e-08 5.53684e-09 2.56845e-09 1.17611e-09 5.32303e-10 2.38713e-10 1.05871e-10 4.70276e-11 2.07393e-11 9.13106e-12 4.03764e-12 1.77881e-12 7.86499e-13 3.49582e-13  1.5527e-13 6.92386e-14 3.11388e-14 1.40564e-14 6.35871e-15 2.90601e-15  1.3361e-15 6.15834e-16 2.84278e-16 1.31022e-16 5.98064e-17 3.27493e-17
   0.664582    0.295892     0.14349   0.0707544   0.0348401   0.0170449  0.00829492  0.00402295  0.00194657 0.000939459 0.000453005 0.000218901 0.000106249 5.18178e-05 2.53733e-05  1.2484e-05  6.1691e-06 3.06081e-06 1.52769e-06 7.68062e-07 3.87052e-07 1.95512e-07  9.8776e-08  4.9659e-08 2.48307e-08 1.22931e-08 6.02557e-09 2.92158e-09 1.40144e-09 6.66298e-10 3.13636e-10 1.47193e-10 6.86196e-11 3.18761e-11 1.48124e-11 6.85499e-12 3.17556e-12 1.47436e-12 6.83503e-13 3.17596e-13 1.48426e-13 6.95301e-14 3.26195e-14 1.54431e-14 7.34759e-15 3.49993e-15 1.66732e-15 7.91955e-16 3.71092e-16 1.74969e-16
   0.700185    0.312858    0.152656   0.0759223   0.0377792   0.0187043  0.00921704  0.00453004  0.00222484  0.00109253 0.000537565 0.000265864 0.000132529 6.66389e-05 3.37709e-05 1.72434e-05 8.85432e-06 4.56817e-06 2.37077e-06 1.23771e-06 6.47806e-07 3.39835e-07 1.78405e-07 9.33345e-08 4.86422e-08  2.5148e-08  1.2896e-08 6.55229e-09 3.29704e-09 1.64543e-09 8.13599e-10 4.00262e-10 1.95691e-10 9.52017e-11 4.62003e-11 2.23285e-11 1.07757e-11 5.19691e-12 2.50109e-12 1.20515e-12 5.82971e-13 2.82413e-13 1.36939e-13 6.68667e-14 3.27705e-14 1.60612e-14 7.85064e-15 3.80631e-15 1.79989e-15 7.50381e-16
   0.736624    0.330323     0.16218   0.0813644   0.0409227   0.0205115   0.0102413  0.00510462  0.00254617  0.00127227 0.000638244  0.00032242 0.000164496 8.48777e-05 4.42714e-05 2.33266e-05 1.23852e-05 6.61566e-06 3.55627e-06 1.92172e-06 1.04119e-06  5.6521e-07 3.06986e-07 1.66271e-07  8.9746e-08 4.81062e-08 2.55991e-08 1.35074e-08 7.06504e-09 3.66806e-09 1.88772e-09 9.65906e-10 4.91337e-10  2.4849e-10 1.25122e-10 6.27356e-11 3.13694e-11 1.56531e-11 7.79267e-12 3.87936e-12 1.93506e-12  9.6619e-13 4.82753e-13  2.4221e-13 1.21743e-13 6.11443e-14 3.05754e-14 1.51033e-14  7.1846e-15 2.74277e-15
   0.773929    0.348326     0.17208    0.087092   0.0442808   0.0224751   0.0113754  0.00575332  0.00291611  0.00148312  0.00075838 0.000390938 0.000203704 0.000107479 5.74261e-05 3.10522e-05 1.69552e-05 9.32909e-06  5.1701e-06 2.88063e-06 1.60988e-06 9.01384e-07 5.04777e-07 2.81984e-07 1.56925e-07 8.67644e-08 4.76299e-08 2.59315e-08 1.39996e-08 7.50257e-09 3.98703e-09 2.10497e-09 1.10468e-09 5.76311e-10 2.99255e-10 1.54728e-10 7.97189e-11 4.09593e-11 2.09996e-11 1.07562e-11 5.51022e-12 2.82425e-12 1.44841e-12 7.45057e-13 3.83505e-13 1.97116e-13 1.00731e-13 5.06795e-14 2.42961e-14 8.80075e-15
   0.812108    0.366899     0.18237   0.0931089   0.0478575   0.0245983   0.0126231  0.00647958  0.00333773  0.00172792 0.000900467 0.000473425  0.00025164 0.000135443 7.38521e-05 4.07763e-05 2.27609e-05 1.28175e-05 7.27496e-06 4.15409e-06 2.38048e-06 1.36698e-06 7.85123e-07  4.4998e-07 2.56836e-07 1.45676e-07 8.19999e-08 4.57673e-08 2.53269e-08 1.39055e-08 7.57125e-09 4.09279e-09 2.19864e-09 1.17386e-09 6.23583e-10  3.2991e-10 1.73857e-10 9.13062e-11  4.7849e-11 2.50625e-11 1.31361e-11 6.88964e-12 3.61465e-12  1.8988e-12 9.97479e-13 5.22968e-13  2.7223e-13 1.38977e-13  6.6825e-14 2.27794e-14
   0.851152    0.386065    0.193066   0.0994242   0.0516567   0.0268849   0.0139865   0.0072852  0.00381225  0.00200767  0.00106548 0.000570844 0.000309188 0.000169495 9.40726e-05 5.28357e-05 2.99926e-05 1.71774e-05 9.91447e-06 5.75761e-06 3.35575e-06 1.95989e-06 1.14482e-06 6.67341e-07  3.8726e-07 2.23264e-07  1.2768e-07 7.23603e-08 4.06425e-08 2.26421e-08 1.25055e-08 6.85197e-09 3.73096e-09 2.01826e-09 1.08557e-09 5.81563e-10 3.10494e-10 1.65334e-10 8.78973e-11 4.67309e-11 2.48854e-11 1.32716e-11 7.08235e-12 3.77409e-12 2.00725e-12 1.06466e-12 5.60464e-13 2.88454e-13 1.37769e-13 4.33948e-14
    0.89104    0.405845    0.204181     0.10605   0.0556861    0.029342   0.0154711  0.00817455  0.00434265  0.00232424  0.00125462  0.00068402 0.000377025 0.000210234 0.000118606 6.76519e-05 3.89671e-05 2.26293e-05 1.32335e-05 7.77907e-06 4.58681e-06 2.70856e-06 1.59869e-06 9.41246e-07 5.51421e-07 3.20687e-07 1.84905e-07 1.05557e-07 5.96659e-08 3.34263e-08 1.85485e-08 1.02109e-08 5.58573e-09 3.03507e-09 1.64086e-09 8.84201e-10 4.75073e-10 2.54985e-10 1.36843e-10 7.34581e-11 3.94963e-11 2.12732e-11 1.14691e-11 6.17356e-12 3.31348e-12 1.77275e-12 9.41147e-13   4.877e-13 2.32523e-13 7.11406e-14
   0.931732    0.426254    0.215722     0.11299   0.0599501   0.0319734   0.0170826   0.0091528  0.00493339   0.0026808  0.00147002 0.000814278 0.000455973   0.0002582 0.000147817 8.54761e-05  4.9862e-05 2.92973e-05 1.73159e-05 1.02782e-05 6.11716e-06 3.64424e-06 2.16825e-06 1.28595e-06 7.58281e-07 4.43513e-07 2.57029e-07 1.47317e-07 8.35124e-08 4.68586e-08 2.60072e-08 1.43119e-08 7.82665e-09 4.25191e-09 2.30055e-09 1.24184e-09 6.69102e-10 3.60759e-10 1.94686e-10 1.05038e-10 5.67186e-11 3.06715e-11  1.6589e-11 8.96105e-12    4.83e-12 2.59488e-12 1.38356e-12  7.1963e-13 3.42544e-13 1.02626e-13
   0.973187    0.447287    0.227693    0.120245   0.0644493   0.0347805   0.0188224   0.0102218  0.00558622  0.00307867  0.00171248 0.000962028 0.000546084 0.000313205 0.000181403 0.000105981 6.23847e-05 3.69454e-05 2.19854e-05 1.31246e-05 7.84471e-06 4.68661e-06 2.79023e-06 1.65218e-06 9.70776e-07 5.64824e-07  3.2532e-07 1.85306e-07 1.04371e-07 5.82132e-08  3.2137e-08 1.75851e-08 9.57351e-09 5.18395e-09 2.79913e-09 1.50909e-09 8.12719e-10 4.38196e-10 2.36517e-10 1.27547e-10 6.86705e-11 3.69293e-11 1.98366e-11 1.06289e-11 5.67048e-12  3.0099e-12 1.58329e-12 8.11009e-13 3.79032e-13 1.10375e-13
    1.01535    0.468938     0.24009    0.127809   0.0691783   0.0377596   0.0206872   0.0113791   0.0062993  0.00351646  0.00198083   0.0011263 0.000646471 0.000374427 0.000218658 0.000128612 7.61041e-05 4.52389e-05 2.69821e-05 1.61156e-05 9.61316e-06 5.71713e-06 3.37977e-06 1.98259e-06 1.15269e-06 6.63193e-07 3.77675e-07 2.12942e-07 1.18819e-07 6.57322e-08 3.60599e-08 1.96369e-08 1.06517e-08 5.75595e-09 3.10628e-09 1.67473e-09 9.01108e-10 4.84275e-10 2.60099e-10 1.39509e-10 7.46497e-11 3.98289e-11 2.12031e-11 1.12331e-11 5.90422e-12 3.07815e-12 1.58584e-12 7.94185e-13 3.62615e-13  1.0268e-13
    1.05815    0.491195    0.252902    0.135671   0.0741256    0.040901     0.02267   0.0126192  0.00706853    0.003991  0.00227249   0.0013049 0.000755364 0.000440492 0.000258561 0.000152636 9.04938e-05 5.37907e-05 3.20181e-05 1.90385e-05 1.12745e-05  6.6392e-06 3.87922e-06 2.24587e-06 1.28847e-06 7.32015e-07  4.1193e-07 2.29896e-07 1.27183e-07 6.98448e-08 3.81029e-08 2.06789e-08 1.11869e-08 6.03141e-09 3.24658e-09 1.74568e-09 9.36013e-10  5.0003e-10 2.66304e-10 1.41457e-10  7.4863e-11  3.9427e-11 2.06815e-11 1.07733e-11 5.55299e-12 2.83251e-12 1.42471e-12 6.95549e-13 3.09586e-13 8.53173e-14
    1.10152    0.514032    0.266107    0.143811   0.0792744   0.0441902   0.0247593   0.0139337  0.00788697  0.00449692  0.00258321  0.00149439 0.000870093 0.000509479 0.000299764 0.000177101 0.000104873 6.21114e-05 3.67477e-05  2.1662e-05 1.26887e-05 7.37642e-06 4.25189e-06 2.42809e-06 1.37477e-06 7.72012e-07 4.29906e-07 2.37775e-07 1.30594e-07 7.12935e-08 3.87059e-08 2.09335e-08 1.12893e-08 6.06527e-09 3.24671e-09 1.73302e-09 9.22252e-10 4.88838e-10 2.58036e-10 1.35567e-10 7.06867e-11 3.65366e-11 1.87434e-11 9.53766e-12 4.80307e-12 2.39204e-12 1.17396e-12 5.59143e-13 2.43026e-13 6.54913e-14
    1.14535    0.537407    0.279678    0.152207    0.084602   0.0476076   0.0269389   0.0153106  0.00874495  0.00502649  0.00290692  0.00169025  0.00098743 0.000579139 0.000340721 0.000200906 0.000118462 6.96799e-05 4.08439e-05 2.38025e-05 1.37662e-05 7.89419e-06 4.48965e-06 2.53199e-06 1.41709e-06  7.8788e-07 4.34974e-07 2.38756e-07 1.30299e-07 7.07321e-08 3.82015e-08 2.05561e-08 1.10259e-08 5.88957e-09 3.12938e-09 1.65472e-09 8.71274e-10 4.56333e-10 2.37581e-10 1.22861e-10 6.29197e-11 3.18765e-11 1.59939e-11 7.93867e-12  3.8923e-12 1.88368e-12 8.97475e-13 4.15456e-13 1.75673e-13  4.5745e-14
    1.18958    0.561274    0.293583    0.160824   0.0900793   0.0511291   0.0291884   0.0167329  0.00962995  0.00556969  0.00323614  0.00188723  0.00110385 0.000647107 0.000379799 0.000222914 0.000130512 7.60568e-05 4.40815e-05 2.53667e-05 1.44824e-05 8.19898e-06 4.60693e-06 2.57018e-06  1.4245e-06 7.85283e-07 4.30352e-07  2.3461e-07 1.27236e-07 6.86451e-08 3.68402e-08 1.96767e-08 1.04638e-08    5.54e-09 2.91702e-09 1.52659e-09 7.93437e-10 4.08659e-10 2.08543e-10 1.05527e-10 5.28815e-11 2.62068e-11 1.28498e-11 6.22054e-12 2.96912e-12 1.39599e-12 6.44923e-13 2.89421e-13 1.18615e-13 2.96576e-14
    1.23408    0.585577    0.307783    0.169626   0.0956732    0.054725   0.0314837   0.0181805    0.010527  0.00611534  0.00356292  0.00208001  0.00121587 0.000711031 0.000415419 0.000242131  0.00014047  8.0986e-05 4.63771e-05 2.63566e-05 1.48677e-05 8.32215e-06 4.62757e-06 2.55788e-06 1.40589e-06 7.69118e-07 4.18509e-07 2.26527e-07 1.21988e-07 6.53378e-08 3.47944e-08 1.84122e-08 9.68454e-09  5.0667e-09 2.63453e-09 1.36004e-09 6.95847e-10 3.51741e-10 1.75615e-10 8.67343e-11 4.23869e-11 2.04795e-11 9.78248e-12 4.61395e-12 2.14514e-12  9.8152e-13 4.40423e-13 1.91629e-13 7.60404e-14 1.82457e-14
    1.27876    0.610236    0.322226    0.178571    0.101345   0.0583598   0.0337969   0.0196322   0.0114194  0.00665178  0.00387952  0.00226363  0.00132023 0.000768787 0.000446292 0.000257887 0.000148071 8.44192e-05 4.77779e-05 2.68423e-05 1.49808e-05 8.30315e-06 4.57551e-06 2.50848e-06 1.36812e-06 7.42794e-07 4.01176e-07 2.15422e-07  1.1503e-07 6.10532e-08 3.21964e-08 1.68518e-08 8.75033e-09 4.51034e-09 2.30607e-09 1.16908e-09 5.86966e-10 2.90857e-10 1.42055e-10 6.84435e-11 3.25669e-11 1.53089e-11 7.10785e-12 3.26094e-12 1.47579e-12 6.57389e-13 2.86923e-13 1.21213e-13 4.66557e-14 1.08421e-14
    1.32353     0.63518    0.336853     0.18761    0.107055   0.0619978   0.0360965   0.0210669   0.0122906  0.00716783  0.00417891  0.00243359  0.00141407 0.000818716 0.000471612 0.000269918 0.000153337 8.64781e-05 4.84149e-05 2.69225e-05 1.48848e-05 8.17851e-06 4.47014e-06  2.4318e-06 1.31604e-06 7.08755e-07 3.79636e-07 2.02019e-07 1.06789e-07 5.60462e-08 2.91991e-08 1.50804e-08 7.71175e-09 3.90663e-09 1.95937e-09 9.73088e-10 4.78202e-10 2.31781e-10 1.10579e-10 5.19438e-11 2.40616e-11  1.1002e-11 4.96292e-12  2.2111e-12 9.72137e-13 4.20775e-13 1.78462e-13 7.32042e-14 2.73237e-14  6.1197e-15
    1.36828    0.660326    0.351597    0.196692    0.112759    0.065603   0.0383505   0.0224603   0.0131265  0.00765408   0.0044551  0.00258612  0.00149523 0.000859818 0.000491118 0.000278345 0.000156506 8.73815e-05 4.84466e-05 2.66947e-05 1.46339e-05 7.97638e-06 4.32521e-06  2.3343e-06 1.25296e-06 6.68823e-07 3.54886e-07 1.86889e-07 9.76296e-08 5.05625e-08 2.59638e-08 1.32014e-08 6.63463e-09  3.2969e-09 1.61947e-09 7.86632e-10 3.77631e-10 1.78668e-10 8.31364e-11 3.80475e-11 1.71564e-11 7.62995e-12 3.34367e-12 1.44504e-12 6.16017e-13 2.58481e-13 1.06303e-13 4.22748e-14 1.52847e-14  3.3031e-15
    1.41293    0.685581    0.366387    0.205771    0.118407   0.0691406   0.0405294   0.0237875    0.013915  0.00810354  0.00470347  0.00271847  0.00156242 0.000891795 0.000505022  0.00028355 0.000157926 8.73722e-05  4.8019e-05 2.62397e-05 1.42688e-05 7.71612e-06 4.14995e-06 2.22053e-06 1.18117e-06 6.24286e-07 3.27711e-07 1.70529e-07 8.78905e-08 4.48383e-08 2.26488e-08 1.13149e-08 5.57916e-09 2.71522e-09 1.30424e-09 6.18726e-10 2.89768e-10 1.33666e-10 6.06015e-11 2.69995e-11 1.18434e-11 5.11997e-12 2.17902e-12   9.131e-13 3.76933e-13 1.53039e-13 6.08951e-14 2.34298e-14 8.19668e-15 1.71445e-15
    1.45736    0.710858    0.381151    0.214804    0.123953   0.0725812   0.0426088   0.0250294   0.0146447  0.00851193  0.00492124  0.00282913  0.00161527  0.00091494 0.000513833 0.000286012 0.000157945 8.66632e-05 4.72475e-05 2.56156e-05  1.3818e-05 7.41135e-06 3.95128e-06 2.09423e-06 1.10282e-06 5.76555e-07 2.99013e-07 1.53498e-07 7.79278e-08 3.91024e-08 1.93949e-08  9.5032e-09 4.59089e-09  2.1853e-09 1.02504e-09 4.74287e-10 2.16477e-10 9.72904e-11  4.2954e-11 1.86189e-11 7.93798e-12 3.33218e-12 1.37589e-12  5.5861e-13 2.23024e-13 8.74613e-14 3.35825e-14 1.24565e-14 4.18941e-15 8.25295e-16
    1.50144    0.736092    0.395827     0.22376    0.129375    0.075908    0.044574   0.0261745   0.0153036  0.00887547  0.00510786  0.00291824  0.00165436 0.000929986 0.000518196 0.000286188 0.000156842 8.54079e-05 4.62109e-05 2.48604e-05 1.33007e-05  7.0722e-06 3.73486e-06 1.95879e-06 1.02002e-06 5.26895e-07 2.69616e-07 1.36361e-07 6.81055e-08  3.3568e-08 1.63225e-08 7.83029e-09 3.70084e-09 1.72114e-09  7.8756e-10 3.55017e-10 1.57767e-10 6.90325e-11 2.96637e-11 1.25023e-11 5.17493e-12 2.10608e-12 8.42247e-13 3.30781e-13   1.275e-13 4.81918e-14 1.78043e-14 6.33937e-15  2.0333e-15 3.68104e-16
     1.5451    0.761167    0.410355    0.232557    0.134654   0.0790972   0.0464244   0.0272197   0.0158861  0.00918907  0.00526355  0.00298744  0.00168122 0.000938045 0.000518813 0.000284469 0.000154812 8.37021e-05  4.4955e-05 2.39953e-05 1.27281e-05 6.70568e-06 3.50523e-06 1.81737e-06 9.34552e-07  4.7616e-07  2.4007e-07 1.19507e-07 5.86716e-08 2.83803e-08 1.35161e-08 6.33881e-09 2.92677e-09  1.3286e-09 5.92834e-10 2.60214e-10 1.12476e-10 4.78546e-11 1.99904e-11 8.18268e-12 3.28323e-12  1.2928e-12 4.99541e-13 1.89322e-13 7.02827e-14 2.55364e-14  9.0537e-15 3.08765e-15 9.44334e-16 1.60612e-16
    1.58823    0.785933    0.424601    0.241051    0.139789   0.0821145   0.0481639   0.0281735   0.0163954  0.00945007  0.00538725  0.00303838  0.00169778 0.000940457 0.000516453 0.000281225 0.000152014 8.16134e-05 4.35088e-05 2.30337e-05 1.21077e-05 6.31641e-06 3.26592e-06 1.67269e-06 8.48401e-07 4.25751e-07 2.11205e-07 1.03357e-07 4.98263e-08 2.36355e-08 1.10205e-08 5.04925e-09 2.27508e-09 1.00724e-09 4.38187e-10 1.87268e-10 7.86604e-11 3.24817e-11 1.31633e-11 5.22409e-12 2.02871e-12 7.71228e-13 2.87099e-13 1.04689e-13 3.73337e-14 1.30073e-14 4.41484e-15 1.43986e-15 4.21583e-16 6.96872e-17
    1.63063    0.810533    0.438405    0.249219    0.144747    0.084992   0.0497873   0.0290469   0.0168429  0.00966341  0.00547961  0.00307167  0.00170519 0.000938276 0.000511788 0.000276801 0.000148591 7.91968e-05 4.18951e-05 2.19895e-05 1.14483e-05    5.91e-06 3.02082e-06  1.5275e-06 7.63617e-07 3.77081e-07 1.83822e-07 8.83122e-08 4.17552e-08 1.94072e-08 8.85482e-09 3.96383e-09 1.74246e-09 7.51772e-10   3.185e-10 1.32436e-10 5.40164e-11 2.16139e-11 8.47769e-12 3.25482e-12 1.22136e-12 4.47608e-13 1.60203e-13 5.60608e-14 1.91605e-14 6.38937e-15 2.07169e-15 6.44006e-16 1.79815e-16 2.84211e-17
    1.67246    0.835068    0.451905    0.257116    0.149405   0.0877502   0.0513037   0.0298357   0.0172424  0.00984025   0.0055466  0.00308953  0.00170436 0.000932011 0.000505119 0.000271365 0.000144608 7.64751e-05 4.01229e-05 2.08739e-05 1.07597e-05 5.49329e-06 2.77415e-06 1.38424e-06 6.81691e-07 3.31041e-07 1.58452e-07 7.46583e-08  3.4587e-08  1.5738e-08 7.02229e-09 3.07093e-09 1.31696e-09 5.53408e-10 2.27977e-10 9.20602e-11 3.64195e-11 1.41088e-11 5.34766e-12  1.9815e-12 7.17078e-13 2.53112e-13 8.70767e-14 2.91861e-14 9.53228e-15 3.03103e-15 9.35942e-16 2.76762e-16 7.32598e-17 1.06765e-17
    1.71386    0.859048    0.465186    0.264615    0.153745   0.0902535   0.0527386   0.0305592   0.0175948   0.0099889  0.00559654  0.00309708  0.00169753 0.000922514 0.000496774 0.000265085 0.000140199 7.35275e-05 3.82313e-05  1.9701e-05 1.00486e-05 5.07038e-06 2.52806e-06 1.24399e-06 6.03309e-07 2.88071e-07 1.35335e-07 6.25038e-08 2.83508e-08  1.2619e-08 5.50267e-09 2.34972e-09 9.82554e-10 4.01945e-10 1.60873e-10 6.29961e-11 2.41311e-11 9.03916e-12 3.30759e-12 1.18096e-12 4.10962e-13 1.39243e-13 4.59064e-14 1.47302e-14 4.59568e-15 1.39251e-15 4.08665e-16 1.14648e-16 2.87318e-17 3.91169e-18
    1.75474    0.881917    0.478135    0.271796    0.157729   0.0925504   0.0540243   0.0312454   0.0179137    0.010115  0.00563352  0.00309781  0.00168698 0.000910988 0.000487397 0.000258305 0.000135573 7.04875e-05 3.63013e-05 1.85119e-05 9.33476e-06 4.65138e-06 2.28764e-06  1.1091e-06 5.29423e-07   2.485e-07 1.14584e-07 5.18675e-08 2.30263e-08 1.00186e-08 4.26578e-09 1.77702e-09 7.23954e-10  2.8812e-10  1.1198e-10 4.24916e-11 1.57383e-11 5.68876e-12 2.00524e-12 6.88762e-13 2.30203e-13 7.47472e-14 2.35469e-14 7.20754e-15 2.14312e-15 6.18207e-16 1.72658e-16 4.60438e-17 1.09101e-17 1.35678e-18
    1.79506    0.904702     0.49061    0.278782    0.161489   0.0946555   0.0551801   0.0318507   0.0181927     0.01022  0.00566147  0.00309491  0.00167469 0.000898561 0.000477526 0.000251269 0.000130825 6.74034e-05  3.4365e-05  1.7332e-05 8.63553e-06 4.24715e-06 2.05939e-06 9.83183e-07 4.61593e-07 2.12846e-07  9.6301e-08 4.27211e-08 1.85623e-08 7.89348e-09 3.28059e-09 1.33192e-09 5.28049e-10 2.04214e-10 7.69973e-11 2.82852e-11 1.01202e-11 3.52568e-12 1.19515e-12 3.94144e-13 1.26369e-13 3.93123e-14 1.18467e-14 3.45733e-15 9.77671e-16 2.67529e-16 7.08385e-17 1.79471e-17  4.0444e-18 4.81005e-19
    1.83451    0.928082    0.502483    0.285333    0.165184   0.0965982   0.0562346   0.0323548    0.018416   0.0103047   0.0056788  0.00308745  0.00166059 0.000885294 0.000467126 0.000243844  0.00012591 6.42866e-05 3.24553e-05  1.6185e-05 7.96513e-06 3.86519e-06 1.84715e-06 8.68168e-07 4.00775e-07 1.81484e-07 8.05353e-08 3.49991e-08 1.48795e-08 6.18331e-09 2.50791e-09 9.91961e-10 3.82443e-10 1.43579e-10 5.24545e-11 1.86337e-11 6.43396e-12 2.15829e-12 7.02815e-13 2.22198e-13 6.82006e-14  2.0281e-14 5.83323e-15 1.62409e-15 4.37679e-16 1.14027e-16 2.87083e-17 6.91198e-18 1.48462e-18 1.69999e-19
    1.87265    0.949592    0.514211    0.291466    0.168608   0.0985392   0.0571943   0.0327875   0.0186097   0.0103724  0.00568405  0.00307218  0.00164229 0.000869975 0.000455926 0.000236131 0.000120932 6.11913e-05 3.05919e-05 1.50846e-05 7.33088e-06 3.50913e-06 1.65243e-06 7.64404e-07 3.46926e-07 1.54274e-07 6.71487e-08 2.85857e-08 1.18884e-08 4.82593e-09 1.90937e-09 7.35548e-10 2.75674e-10 1.00414e-10 3.55201e-11 1.21909e-11 4.05853e-12 1.31016e-12 4.09724e-13 1.24168e-13 3.64803e-14 1.03692e-14 2.84609e-15 7.55805e-16  1.9428e-16 4.82927e-17 1.16062e-17 2.67108e-18 5.51469e-19 6.13113e-20
     1.9087    0.970161    0.525933    0.297556    0.171794    0.100182   0.0580892   0.0331712   0.0187738   0.0104286  0.00568309  0.00305328  0.00162172  0.00085339 0.000444263 0.000228434 0.000116063 5.81891e-05 2.87864e-05 1.40278e-05 6.72877e-06 3.17591e-06  1.4732e-06 6.70618e-07 2.99186e-07 1.30633e-07 5.57646e-08 2.32537e-08 9.45927e-09 3.74978e-09 1.44656e-09 5.42531e-10 1.97596e-10 6.98103e-11 2.39067e-11  7.9267e-12 2.54394e-12   7.902e-13 2.37347e-13 6.89648e-14 1.94029e-14 5.27634e-15 1.38455e-15 3.51224e-16 8.62493e-17 2.05116e-17 4.73446e-18 1.05378e-18  2.1283e-19 2.34981e-20
     1.9435    0.991512    0.537256    0.303551    0.174863     0.10162   0.0588711   0.0335119   0.0188929   0.0104654   0.0056788  0.00303429   0.0016014 0.000836997 0.000432616 0.000220718 0.000111181 5.52105e-05 2.70223e-05 1.30214e-05 6.16738e-06 2.87048e-06  1.3116e-06 5.87472e-07  2.5762e-07 1.10438e-07 4.62266e-08 1.88749e-08 7.50737e-09 2.90555e-09 1.09253e-09 3.98785e-10 1.41106e-10 4.83407e-11 1.60228e-11 5.13223e-12 1.58807e-12 4.74766e-13 1.37011e-13 3.81822e-14 1.02868e-14 2.67599e-15 6.71487e-16  1.6315e-16 3.84681e-17 8.82518e-18 1.98266e-18 4.36005e-19 8.90865e-20  1.0504e-20
    1.97794     1.01102    0.548331    0.309346    0.177841    0.103128   0.0595632    0.033818   0.0189851   0.0104793   0.0056672  0.00301341  0.00158072 0.000820656 0.000421143 0.000213183 0.000106401 5.23102e-05 2.53204e-05 1.20675e-05 5.64711e-06 2.59302e-06 1.16738e-06 5.14545e-07 2.21799e-07 9.33508e-08 3.83115e-08  1.5314e-08 5.95409e-09 2.24924e-09 8.24049e-10 2.92623e-10 1.00566e-10 3.34044e-11 1.07183e-11 3.31762e-12 9.90152e-13 2.85021e-13 7.90772e-14 2.11606e-14  5.4704e-15 1.36527e-15 3.28937e-16 7.69854e-17 1.75856e-17 3.94635e-18 8.80784e-19 1.97024e-19  4.2393e-20 5.64229e-21
    2.01146     1.02915    0.559285    0.315078    0.180753    0.104529   0.0602167   0.0340867   0.0190646   0.0104825  0.00564907  0.00298932  0.00155885 0.000803992 0.000409703   0.0002058 0.000101837 4.95859e-05 2.37411e-05 1.11819e-05 5.16788e-06 2.34106e-06 1.03856e-06 4.50557e-07 1.90935e-07 7.89048e-08 3.17532e-08 1.24257e-08 4.72205e-09 1.74086e-09 6.21304e-10 2.14597e-10 7.16142e-11 2.30602e-11 7.16314e-12 2.14299e-12 6.17153e-13 1.71162e-13 4.56923e-14 1.17596e-14  2.9264e-15 7.04113e-16 1.64045e-16 3.73279e-17 8.37393e-18 1.87533e-18 4.27472e-19 1.00619e-19 2.35628e-20 3.59308e-21
    2.04415     1.04709     0.56938    0.320577    0.183581    0.105901   0.0608866   0.0343488    0.019136   0.0104802  0.00562339  0.00296183  0.00153591  0.00078708 0.000398239 0.000198411 9.73589e-05 4.69893e-05 2.22791e-05 1.03709e-05 4.73361e-06 2.11566e-06  9.2502e-07 3.95065e-07 1.64622e-07 6.68099e-08 2.63671e-08 1.01023e-08 3.75293e-09 1.35044e-09 4.69582e-10 1.57789e-10 5.11404e-11  1.5966e-11  4.8016e-12 1.38859e-12 3.86059e-13 1.03265e-13 2.65647e-14 6.58851e-15 1.58275e-15 3.68877e-16 8.37529e-17 1.87664e-17 4.21361e-18 9.66669e-19  2.3218e-19 5.91375e-20 1.52443e-20 2.61162e-21
    2.07587     1.06371    0.578394    0.325644    0.186412    0.107293   0.0615979   0.0346453   0.0192124   0.0104821  0.00559736  0.00293349  0.00151237 0.000769885 0.000386778 0.000191217  9.3003e-05 4.44922e-05 2.09042e-05 9.62387e-06 4.33967e-06 1.91418e-06 8.25092e-07 3.47021e-07 1.42233e-07 5.67075e-08 2.19548e-08 8.23813e-09 2.99239e-09 1.05129e-09 3.56319e-10 1.16548e-10 3.67121e-11 1.11215e-11 3.24108e-12 9.06996e-13  2.4375e-13 6.29896e-14 1.56528e-14  3.7536e-15 8.74385e-16 1.98764e-16 4.44647e-17  9.9829e-18 2.29773e-18 5.55031e-19 1.43626e-19 3.97882e-20 1.10877e-20 2.03388e-21
    2.10699     1.07939    0.587088     0.33041     0.18919    0.108607   0.0623117     0.03497   0.0193178   0.0104958  0.00557931  0.00290868  0.00149031 0.000753349 0.000375653 0.000184305 8.88677e-05 4.21215e-05 1.96004e-05 8.92733e-06 3.97823e-06 1.73237e-06 7.36432e-07 3.05135e-07 1.23066e-07 4.82239e-08 1.83287e-08 6.74161e-09 2.39646e-09 8.22589e-10 2.71964e-10 8.66575e-11 2.65506e-11 7.81241e-12 2.20922e-12 5.99289e-13 1.56009e-13 3.90476e-14 9.40559e-15 2.19226e-15  4.9918e-16 1.11984e-16 2.50949e-17  5.7668e-18   1.393e-18 3.60716e-19 1.00802e-19 2.98653e-20 8.74812e-21 1.67463e-21
    2.13789     1.09544    0.595717    0.335116    0.191831    0.109923   0.0629822   0.0352884   0.0194392   0.0105198  0.00556884  0.00288831  0.00147114 0.000738519 0.000365383 0.000177781  8.4987e-05 3.99014e-05 1.83789e-05 8.28206e-06 3.64783e-06  1.5686e-06 6.57829e-07 2.68632e-07 1.06644e-07  4.1083e-08 1.53375e-08 5.53552e-09  1.9282e-09 6.47516e-10 2.09122e-10 6.49929e-11 1.93951e-11 5.55173e-12 1.52599e-12 4.02125e-13 1.01699e-13 2.47501e-14 5.80951e-15 1.32594e-15 2.98245e-16 6.70069e-17 1.53251e-17 3.67828e-18 9.47049e-19 2.63687e-19 7.85897e-20 2.43555e-20 7.34307e-21 1.45104e-21
    2.16831     1.11217    0.604461    0.339743    0.194387    0.111241   0.0636048   0.0355774   0.0195475   0.0105406  0.00555688   0.0028681  0.00145269 0.000724284 0.000355545 0.000171582 8.12956e-05 3.78021e-05 1.72326e-05 7.68408e-06 3.34589e-06   1.421e-06 5.87989e-07 2.36699e-07 9.25234e-08 3.50538e-08 1.28567e-08 4.55472e-09 1.55585e-09 5.11745e-10 1.61694e-10 4.91006e-11 1.43018e-11 3.99232e-12 1.06923e-12 2.74496e-13 6.76986e-14 1.61044e-14 3.71037e-15 8.37263e-16 1.88368e-16 4.30538e-17 1.02203e-17 2.59631e-18 7.14336e-19 2.11679e-19 6.60384e-20 2.09799e-20 6.41238e-21 1.29036e-21
     2.1981     1.12899    0.613422    0.344372    0.196974    0.112536   0.0641884   0.0358284   0.0196276   0.0105456  0.00553633  0.00284372  0.00143228 0.000709231 0.000345428 0.000165371 7.76507e-05 3.57566e-05 1.61302e-05 7.11534e-06 3.06269e-06 1.28468e-06 5.24466e-07 2.08096e-07 8.01008e-08 2.98542e-08 1.07591e-08 3.74177e-09 1.25359e-09  4.0402e-10 1.24993e-10 3.71301e-11 1.05727e-11 2.88387e-12 7.54414e-13 1.89286e-13 4.57198e-14  1.0693e-14 2.43812e-15 5.50049e-16 1.25529e-16 2.96424e-17 7.39212e-18 1.98781e-18 5.76725e-19  1.7799e-19 5.70636e-20 1.84289e-20 5.70166e-21 1.17803e-21
    2.22652     1.14487    0.622027    0.348876    0.199496    0.113817   0.0647491   0.0360557   0.0196901    0.010541  0.00551109  0.00281667  0.00141061 0.000693871 0.000335344 0.000159205 7.40836e-05 3.37822e-05 1.50802e-05 6.57803e-06 2.79781e-06 1.15876e-06 4.66606e-07 1.82422e-07 6.91194e-08 2.53336e-08 8.96881e-09  3.0612e-09 1.00555e-09 3.17469e-10 9.61491e-11 2.79382e-11 7.77749e-12 2.07367e-12 5.30513e-13 1.30384e-13 3.09478e-14 7.15319e-15 1.62713e-15 3.71261e-16 8.71684e-17 2.15473e-17 5.68079e-18 1.60033e-18 4.79734e-19 1.50678e-19 4.89238e-20 1.60569e-20 5.06079e-21 1.08319e-21
    2.25357     1.15964    0.629962    0.353051    0.201737    0.115029   0.0653024   0.0362819   0.0197545   0.0105395  0.00548867  0.00279159  0.00139017 0.000679492 0.000326036 0.000153525 7.08064e-05 3.19775e-05 1.41271e-05 6.09365e-06 2.56074e-06 1.04697e-06  4.1581e-07  1.6017e-07 5.97315e-08 2.15243e-08 7.48349e-09  2.5058e-09 8.06668e-10 2.49362e-10 7.38891e-11 2.09963e-11 5.71417e-12 1.48943e-12 3.72806e-13 8.98643e-14 2.10229e-14 4.82858e-15 1.10497e-15 2.57861e-16 6.30398e-17 1.64381e-17 4.58454e-18 1.34742e-18  4.1473e-19 1.31982e-19 4.31471e-20 1.42929e-20 4.56964e-21 1.00781e-21
     2.2801     1.17337    0.637486    0.357026    0.203782    0.116118   0.0658557   0.0365185   0.0198265   0.0105432  0.00547052  0.00277001  0.00137221 0.000666669  0.00031767 0.000148423 6.78721e-05 3.03677e-05 1.32813e-05 5.66716e-06 2.35373e-06 9.50221e-07 3.72331e-07 1.41368e-07 5.19155e-08  1.8404e-08 6.28728e-09 2.06637e-09 6.52254e-10  1.9752e-10 5.72899e-11 1.59297e-11 4.24282e-12 1.08315e-12 2.66006e-13 6.31409e-14 1.46419e-14 3.36932e-15 7.84229e-16  1.8937e-16 4.85441e-17 1.33259e-17 3.89132e-18 1.19012e-18 3.77049e-19  1.2246e-19 4.04939e-20 1.34856e-20 4.34593e-21 9.81218e-22
    2.30647     1.18722    0.644905    0.360749    0.205808    0.117132   0.0663662   0.0367642   0.0199045   0.0105513  0.00545573   0.0027511  0.00135636 0.000655226 0.000310083  0.00014377 6.52071e-05 2.89151e-05 1.25238e-05  5.2883e-06 2.17167e-06 8.66035e-07 3.34918e-07 1.25392e-07 4.53661e-08 1.58296e-08 5.31744e-09 1.71667e-09 5.31749e-10 1.57885e-10 4.48736e-11 1.22204e-11  3.1888e-12 7.98684e-13 1.93055e-13 4.53463e-14 1.04952e-14 2.44175e-15  5.8429e-16 1.47288e-16 3.96554e-17 1.13908e-17  3.4445e-18 1.08296e-18 3.50013e-19 1.15291e-19 3.84931e-20  1.2911e-20 4.19625e-21 9.62966e-22
    2.33259     1.20215    0.652369    0.364357    0.207819     0.11816   0.0668407   0.0369931   0.0199793   0.0105623  0.00544488  0.00273486  0.00134234 0.000645045 0.000303318 0.000139612  6.2824e-05 2.76188e-05 1.18504e-05 4.95341e-06 2.01204e-06 7.92953e-07 3.02759e-07 1.11804e-07 3.98637e-08 1.36964e-08 4.52639e-09 1.43644e-09 4.37029e-10 1.27363e-10 3.55146e-11 9.48673e-12  2.4299e-12 5.98545e-13 1.42845e-13 3.33599e-14 7.76033e-15 1.84029e-15 4.55434e-16 1.19986e-16 3.38468e-17 1.01233e-17 3.15741e-18 1.01242e-18 3.31406e-19 1.10027e-19 3.68885e-20 1.24014e-20 4.04034e-21 9.21843e-22
     2.3581     1.21699    0.659653    0.368082    0.209723    0.119188   0.0673285   0.0372085   0.0200494   0.0105722  0.00543458  0.00271946  0.00132902 0.000635712 0.000297349 0.000135927 6.07083e-05 2.64679e-05 1.12536e-05 4.65815e-06  1.8723e-06  7.2955e-07 2.75148e-07  1.0027e-07 3.52509e-08 1.19321e-08 3.88174e-09  1.2117e-09 3.62396e-10 1.03779e-10 2.84327e-11 7.46259e-12 1.88035e-12 4.56906e-13  1.0813e-13 2.52608e-14 5.94982e-15 1.44809e-15 3.71899e-16 1.02086e-16 2.98997e-17 9.20914e-18 2.93309e-18 9.54728e-19 3.15644e-19  1.0555e-19 3.55432e-20 1.19673e-20  3.9006e-21 8.88334e-22
    2.38391      1.2321    0.666862    0.371633    0.211542    0.120159   0.0677977   0.0374397   0.0201293   0.0105853  0.00542512  0.00270504  0.00131649  0.00062697 0.000291854 0.000132579 5.87943e-05 2.54325e-05 1.07199e-05 4.39569e-06 1.74896e-06 6.74035e-07 2.51208e-07 9.03845e-08 3.13491e-08 1.04607e-08 3.35245e-09 1.03027e-09 3.03194e-10 8.54104e-11 2.30225e-11 5.94974e-12 1.47884e-12 3.55757e-13 8.38825e-14   1.972e-14 4.73332e-15 1.18866e-15 3.17454e-16   9.055e-17 2.73409e-17 8.60071e-18 2.77606e-18 9.10963e-19 3.02734e-19 1.01548e-19 3.43014e-20 1.15981e-20 3.79667e-21   8.708e-22
    2.41073     1.24792    0.674277    0.375113    0.213211    0.121083   0.0682395   0.0376674   0.0202136   0.0106025  0.00542012  0.00269402  0.00130612 0.000619293 0.000286801 0.000129515 5.70524e-05  2.4496e-05 1.02405e-05 4.16163e-06 1.63981e-06  6.2531e-07 2.30389e-07 8.18781e-08 2.80323e-08 9.22663e-09 2.91515e-09 8.82785e-10 2.55889e-10 7.09943e-11  1.8855e-11 4.80729e-12 1.18185e-12 2.82499e-13 6.66887e-14  1.5873e-14 3.90361e-15 1.01273e-15 2.79964e-16 8.23521e-17 2.55019e-17 8.17154e-18 2.67245e-18  8.8216e-19 2.94031e-19 9.87636e-20 3.34019e-20 1.13171e-20  3.7114e-21 8.51314e-22
    2.43768     1.26305    0.682163    0.378618    0.214794    0.121925   0.0686298   0.0378866   0.0202998   0.0106238  0.00541867  0.00268542  0.00129724 0.000612513 0.000282284 0.000126766 5.54913e-05 2.36618e-05 9.81708e-06 3.95653e-06 1.54486e-06 5.83204e-07  2.1255e-07 7.46613e-08 2.52456e-08 8.20092e-09 2.55604e-09  7.6328e-10 2.18129e-10 5.96734e-11 1.56376e-11 3.94036e-12 9.60443e-13 2.28842e-13 5.42962e-14 1.31317e-14 3.31679e-15 8.89064e-16 2.53669e-16 7.65008e-17 2.40968e-17 7.80619e-18 2.57101e-18  8.5417e-19 2.86103e-19 9.65063e-20 3.27226e-20 1.10946e-20 3.63845e-21 8.32025e-22
    2.46419     1.27736    0.690419    0.381953    0.216418    0.122621   0.0689621   0.0380813   0.0203809   0.0106441  0.00541938  0.00267949  0.00128994 0.000606637 0.000278285 0.000124311 5.40957e-05 2.29192e-05 9.44293e-06 3.77658e-06 1.46211e-06 5.46732e-07 1.97214e-07 6.85143e-08 2.28963e-08 7.34593e-09  2.2602e-09 6.66074e-10 1.87852e-10 5.07379e-11   1.314e-11 3.27919e-12 7.94596e-13 1.89346e-13 4.53059e-14   1.116e-14  2.8958e-15 8.00448e-16 2.34844e-16 7.22673e-17 2.30254e-17 7.50347e-18 2.47786e-18 8.26903e-19 2.78182e-19 9.42237e-20 3.20295e-20 1.08589e-20 3.55502e-21  8.0485e-22
    2.49029      1.2918    0.698582    0.385704    0.218068    0.123288   0.0692672     0.03822    0.020449   0.0106606   0.0054208  0.00267563  0.00128417 0.000601665 0.000274789 0.000122132 5.28519e-05 2.22554e-05 9.10814e-06  3.6156e-06 1.38863e-06 5.14776e-07 1.83932e-07 6.32506e-08 2.09083e-08 6.63158e-09 2.01606e-09 5.86871e-10 1.63512e-10 4.36547e-11 1.11892e-11 2.77116e-12 6.69269e-13 1.59979e-13 3.87175e-14 9.73085e-15 2.59255e-15 7.36599e-16  2.2116e-16  6.9158e-17 2.22401e-17 7.28409e-18 2.41117e-18 8.05462e-19 2.71145e-19 9.18549e-20 3.12214e-20 1.05791e-20 3.45571e-21 7.74404e-22
    2.51506     1.30567    0.706608    0.390118    0.219838     0.12407   0.0695418   0.0383279   0.0205033   0.0106755  0.00542147  0.00267136  0.00127878 0.000596993 0.000271514 0.000120208 5.17441e-05 2.16624e-05 8.80951e-06  3.4724e-06 1.32367e-06 4.86855e-07 1.72462e-07 5.87564e-08 1.92296e-08 6.03519e-09 1.81472e-09 5.22392e-10 1.43963e-10 3.80438e-11  9.6662e-12 2.38025e-12 5.74238e-13 1.38024e-13 3.38546e-14 8.68544e-15 2.37152e-15 6.89894e-16 2.11021e-16 6.68138e-17 2.16403e-17 7.11493e-18 2.35968e-18 7.88393e-19 2.65311e-19 8.98007e-20 3.04946e-20 1.03236e-20 3.36506e-21 7.48135e-22
    2.53879       1.319    0.714768    0.394795     0.22174     0.12499    0.069828   0.0384469   0.0205413   0.0106819  0.00541838  0.00266588  0.00127355 0.000592802 0.000268626 0.000118578  5.0797e-05 2.11494e-05 8.55024e-06 3.34872e-06  1.2677e-06 4.62802e-07 1.62623e-07 5.49243e-08 1.78097e-08 5.53533e-09 1.64779e-09 4.69585e-10 1.28158e-10 3.35682e-11 8.46823e-12 2.07711e-12  5.0157e-13 1.21473e-13 3.02447e-14 7.92124e-15 2.21121e-15 6.55596e-16 2.03283e-16 6.49059e-17 2.11147e-17   6.955e-18  2.3079e-18 7.71812e-19 2.59873e-19  8.7967e-20 2.98381e-20 1.00754e-20 3.27139e-21 7.18387e-22
    2.56282      1.3321    0.722886     0.39941    0.223862    0.126068   0.0701774   0.0385627   0.0205755   0.0106806  0.00541073  0.00265863   0.0012682 0.000589298 0.000266391 0.000117219 4.99983e-05 2.07106e-05 8.32655e-06 3.24173e-06 1.21928e-06 4.42014e-07 1.54162e-07 5.16545e-08 1.66088e-08 5.11667e-09  1.5095e-09 4.26353e-10 1.15377e-10 2.99941e-11 7.52402e-12 1.84135e-12   4.458e-13 1.08943e-13 2.75541e-14 7.36092e-15 2.09474e-15 6.30404e-16 1.97405e-16 6.33778e-17 2.06677e-17   6.811e-18 2.25881e-18 7.55603e-19 2.54422e-19 8.60885e-20  2.9161e-20 9.82081e-21 3.17648e-21 6.90327e-22
    2.58551     1.34433    0.729966    0.403851    0.226038    0.127272   0.0706693   0.0386979   0.0206201   0.0106791  0.00539967  0.00264914  0.00126198 0.000585732 0.000264349  0.00011598 4.93187e-05 2.03432e-05 8.13828e-06 3.15084e-06 1.17793e-06 4.24213e-07 1.46932e-07  4.8876e-08 1.55968e-08 4.76733e-09 1.39538e-09 3.91103e-10 1.05082e-10 2.71489e-11 6.78139e-12 1.65843e-12 4.03152e-13 9.95069e-14 2.55626e-14  6.9543e-15 2.01194e-15 6.12781e-16 1.93323e-16 6.23235e-17 2.03633e-17 6.71383e-18 2.22535e-18 7.42638e-19 2.49373e-19  8.4114e-20 2.84312e-20 9.56902e-21 3.09142e-21 6.69681e-22
    2.60529     1.35636    0.735956    0.408067    0.228147    0.128461   0.0713075    0.038923   0.0206996    0.010691  0.00538994  0.00263892  0.00125506 0.000581633 0.000262032 0.000114685  4.8686e-05 2.00251e-05 7.97958e-06 3.07466e-06 1.14325e-06 4.09224e-07 1.40818e-07 4.65228e-08 1.47432e-08 4.47472e-09 1.30076e-09 3.62226e-10 9.67561e-11 2.48773e-11 6.19606e-12 1.51632e-12  3.7054e-13 9.24122e-14 2.40911e-14 6.65966e-15 1.95359e-15 6.00899e-16 1.90728e-16 6.16823e-17 2.01768e-17 6.65276e-18 2.20363e-18 7.32972e-19 2.45145e-19 8.23192e-20 2.77508e-20 9.34269e-21 3.01943e-21 6.54246e-22
    2.62308     1.36816    0.741648    0.411855    0.230342    0.129563   0.0719965   0.0392082   0.0208404   0.0107317  0.00539009  0.00263211  0.00124904 0.000577439 0.000259531 0.000113334 4.80328e-05 1.97134e-05  7.8331e-06 3.00709e-06 1.11344e-06  3.9667e-07 1.35728e-07 4.45611e-08 1.40319e-08 4.23178e-09 1.22267e-09 3.38595e-10 9.00137e-11 2.30592e-11 5.73325e-12 1.40554e-12 3.45473e-13 8.70387e-14 2.29973e-14 6.44517e-15 1.91232e-15 5.92886e-16 1.89101e-16 6.12882e-17 2.00458e-17 6.60374e-18  2.1847e-18 7.25585e-19 2.42115e-19 8.10717e-20 2.72769e-20 9.18292e-21 2.96889e-21 6.44336e-22
    2.63904     1.37801    0.747177    0.415307    0.232417    0.130588   0.0726664   0.0395109    0.021028    0.010807   0.0054105  0.00263444  0.00124625 0.000574185 0.000257263 0.000112009 4.73502e-05 1.93848e-05 7.68274e-06 2.94074e-06 1.08561e-06 3.85661e-07 1.31439e-07 4.29447e-08 1.34526e-08 4.03568e-09 1.15997e-09 3.19718e-10 8.46707e-11 2.16331e-11 5.37456e-12 1.32066e-12 3.26488e-13 8.30207e-14 2.21929e-14  6.2886e-15 1.88158e-15 5.86407e-16 1.87538e-16 6.08599e-17 1.99162e-17 6.56151e-18 2.17038e-18 7.20469e-19 2.40132e-19 8.02726e-20 2.69739e-20 9.08063e-21 2.93647e-21 6.37948e-22
    2.65252     1.38529    0.752373    0.418326     0.23415      0.1315   0.0732623   0.0398426   0.0212194   0.0109004  0.00545139  0.00264846  0.00124871 0.000573454 0.000256174 0.000111072 4.67686e-05 1.90785e-05  7.5358e-06 2.87555e-06 1.05832e-06 3.74989e-07 1.27419e-07  4.1486e-08 1.29477e-08 3.87015e-09 1.10838e-09 3.04539e-10 8.04794e-11  2.0547e-11 5.11152e-12 1.25996e-12  3.1337e-13  8.0389e-14 2.17086e-14 6.20511e-15 1.86579e-15 5.82147e-16 1.86002e-16 6.03451e-17 1.97819e-17 6.52781e-18 2.16234e-18 7.17106e-19 2.38602e-19 7.95845e-20 2.67012e-20 8.98701e-21 2.90447e-21 6.28526e-22
     2.6628     1.39098    0.756524    0.420525    0.235513    0.132274   0.0737512   0.0401418   0.0213931   0.0109917   0.0054982  0.00266941  0.00125615 0.000575827 0.000256836 0.000111008 4.65429e-05 1.89024e-05 7.43222e-06 2.82248e-06 1.03402e-06 3.64803e-07 1.23509e-07 4.00739e-08 1.24692e-08 3.71726e-09 1.06215e-09 2.91354e-10 7.69455e-11 1.96597e-11  4.9054e-12 1.21481e-12 3.04289e-13 7.88071e-14 2.15055e-14 6.20221e-15 1.87321e-15 5.84423e-16  1.8639e-16 6.03873e-17 1.97999e-17 6.53565e-18 2.16536e-18 7.16753e-19 2.37856e-19 7.90929e-20 2.64787e-20 8.90384e-21 2.87154e-21 6.16475e-22
    2.66809     1.39495    0.758753     0.42192    0.236393    0.132753   0.0741136   0.0403726   0.0215274   0.0110689  0.00553669  0.00268933  0.00126534 0.000579542 0.000258316 0.000111601 4.66786e-05 1.88987e-05  7.4047e-06 2.79969e-06 1.02088e-06 3.58422e-07 1.20798e-07 3.90189e-08  1.2084e-08 3.58695e-09 1.02114e-09 2.79286e-10 7.36571e-11 1.88317e-11 4.71028e-12 1.17244e-12 2.95801e-13 7.72969e-14 2.12783e-14 6.18003e-15 1.87533e-15  5.8662e-16 1.87373e-16 6.07315e-17 1.98999e-17 6.56379e-18 2.17333e-18 7.19995e-19  2.3908e-19 7.95403e-20 2.66311e-20 8.94779e-21 2.88104e-21 6.19883e-22
    2.67075     1.39546    0.758583    0.422469    0.236697    0.132935   0.0742941   0.0405219   0.0215989   0.0111151  0.00555951  0.00270235  0.00127244 0.000582543 0.000259596 0.000112157 4.68674e-05 1.89519e-05 7.41628e-06 2.80134e-06 1.01965e-06 3.57026e-07 1.19955e-07  3.8616e-08 1.19103e-08 3.52155e-09 9.99003e-10 2.72457e-10  7.1762e-11 1.83616e-11 4.60478e-12 1.14993e-12 2.91471e-13 7.62923e-14 2.09283e-14 6.06026e-15 1.84058e-15 5.78025e-16 1.85296e-16 6.02176e-17 1.97532e-17 6.52195e-18 2.16219e-18 7.19229e-19 2.39913e-19 8.02069e-20 2.69525e-20 9.06181e-21 2.91607e-21 6.29702e-22
     2.6818     1.39585    0.755729    0.421644    0.236324    0.132761   0.0742277   0.0405093   0.0215914   0.0111176  0.00556296  0.00270588  0.00127472 0.000583558 0.000260069 0.000112244 4.69145e-05 1.89638e-05 7.41454e-06 2.79964e-06 1.01857e-06  3.5642e-07  1.1972e-07 3.85425e-08 1.18823e-08 3.51191e-09 9.95633e-10  2.7144e-10 7.15589e-11 1.83618e-11 4.62727e-12  1.1608e-12 2.95802e-13 7.76306e-14 2.12532e-14 6.14066e-15 1.86518e-15 5.87203e-16 1.88799e-16 6.15246e-17 2.02253e-17 6.69067e-18 2.22255e-18 7.41109e-19 2.47847e-19 8.30617e-20  2.7813e-20 9.25819e-21 2.95221e-21 6.30435e-22
    2.70439     1.40311    0.755267    0.420699    0.235443    0.132072   0.0738017   0.0402698     0.02148   0.0110651  0.00553857  0.00269531   0.0012698 0.000581205 0.000258956 0.000111674 4.66977e-05 1.88727e-05 7.37192e-06  2.7809e-06  1.0109e-06 3.53521e-07 1.18764e-07 3.82674e-08 1.18009e-08 3.48863e-09 9.89424e-10 2.69962e-10  7.1295e-11 1.83564e-11 4.65064e-12 1.17478e-12 3.01637e-13 7.98546e-14 2.20488e-14 6.40583e-15 1.95086e-15 6.15015e-16 1.98081e-16 6.46585e-17 2.12849e-17 7.04872e-18  2.3437e-18 7.81818e-19 2.61482e-19 8.76083e-20 2.92065e-20 9.63704e-21 3.05091e-21 6.53963e-22
    2.73185      1.4174    0.760791    0.422245    0.235495    0.131727   0.0734583   0.0400379   0.0213545   0.0109957  0.00550077  0.00267571  0.00125989 0.000576239 0.000256526 0.000110552 4.61897e-05 1.86486e-05 7.27563e-06 2.74198e-06  9.9576e-07 3.47846e-07 1.16763e-07 3.76056e-08 1.15919e-08 3.42588e-09 9.71964e-10  2.6549e-10 7.02107e-11 1.81062e-11 4.59987e-12 1.16677e-12 3.00976e-13  8.0099e-14 2.22282e-14 6.47872e-15   1.976e-15  6.2336e-16 2.00917e-16 6.56273e-17 2.16112e-17 7.15733e-18 2.37976e-18 7.93751e-19 2.65375e-19 8.88575e-20 2.96408e-20 9.79534e-21 3.10232e-21 6.63981e-22
     2.7611     1.43495    0.769665    0.426534     0.23742    0.132498   0.0737356   0.0401272   0.0213758   0.0109962   0.0054958  0.00267071   0.0012564 0.000574075 0.000255281 0.000109904 4.58688e-05 1.84997e-05 7.20966e-06 2.71405e-06 9.84539e-07 3.43572e-07 1.15214e-07 3.70761e-08  1.1423e-08 3.37513e-09 9.57604e-10 2.61698e-10 6.92748e-11 1.78929e-11 4.55727e-12 1.15973e-12 3.00242e-13 8.02127e-14 2.23344e-14 6.52191e-15 1.99015e-15 6.27686e-16 2.02256e-16  6.6048e-17 2.17426e-17 7.19691e-18 2.39139e-18 7.96988e-19 2.66184e-19 8.90203e-20 2.96805e-20 9.80731e-21 3.10069e-21 6.56546e-22
    2.79097     1.45392     0.78006    0.432275    0.240559    0.134137    0.074566   0.0405445   0.0215807   0.0110964  0.00554243  0.00269158  0.00126549 0.000577827 0.000256739 0.000110456 4.60632e-05 1.85646e-05 7.22939e-06 2.71913e-06 9.85585e-07 3.43682e-07 1.15169e-07 3.70408e-08 1.14084e-08 3.37033e-09 9.56328e-10 2.61473e-10 6.92773e-11 1.79191e-11 4.57393e-12 1.16726e-12 3.03077e-13 8.12106e-14 2.26674e-14 6.62628e-15 2.02193e-15 6.37378e-16 2.05273e-16 6.70054e-17  2.2049e-17 7.29413e-18 2.42212e-18 8.06556e-19  2.6909e-19 8.98826e-20 2.99482e-20 9.89212e-21 3.12302e-21 6.58285e-22
    2.82099     1.47366    0.791171    0.438672     0.24428    0.136241   0.0757257   0.0411699    0.021905   0.0112607  0.00562153  0.00272805   0.0012817  0.00058465 0.000259444 0.000111479 4.64208e-05 1.86818e-05  7.2642e-06 2.72821e-06 9.87534e-07 3.43943e-07 1.15133e-07 3.69956e-08 1.13875e-08 3.36267e-09 9.53967e-10 2.60863e-10 6.91529e-11 1.79063e-11  4.5783e-12 1.17109e-12 3.04823e-13 8.18802e-14 2.29021e-14 6.70206e-15 2.04536e-15 6.44596e-16 2.07544e-16 6.77315e-17 2.22816e-17 7.36818e-18 2.44563e-18 8.13883e-19 2.71316e-19 9.05441e-20 3.01522e-20 9.95512e-21  3.1385e-21 6.58553e-22
    2.85089     1.49388    0.802688    0.445392    0.248261    0.138549   0.0770257   0.0418773   0.0222668   0.0114365  0.00570105  0.00276189  0.00129536 0.000589779 0.000261199 0.000112016 4.65535e-05 1.87006e-05  7.2583e-06 2.72166e-06 9.83776e-07 3.42242e-07 1.14466e-07 3.67597e-08 1.13136e-08 3.34142e-09 9.48423e-10 2.59579e-10 6.88991e-11 1.78712e-11 4.57961e-12 1.17448e-12  3.0655e-13 8.25631e-14 2.31435e-14 6.78198e-15 2.07075e-15 6.52593e-16  2.1012e-16 6.85697e-17 2.25529e-17 7.45576e-18 2.47388e-18 8.22773e-19 2.74059e-19 9.13791e-20 3.04101e-20 1.00336e-20 3.15906e-21  6.6146e-22
    2.88039      1.5144    0.814469    0.452285    0.252343    0.140901    0.078315   0.0425398   0.0225731   0.0115654  0.00574934  0.00277791  0.00129991 0.000590673  0.00026114 0.000111833 4.64271e-05 1.86335e-05 7.22686e-06 2.70843e-06 9.78594e-07 3.40357e-07 1.13824e-07 3.65563e-08 1.12546e-08 3.32577e-09 9.44665e-10  2.5881e-10 6.87817e-11 1.78686e-11 4.58799e-12 1.17919e-12 3.08474e-13 8.32589e-14 2.33792e-14 6.85853e-15   2.095e-15 6.60292e-16 2.12619e-16  6.9391e-17 2.28229e-17 7.54461e-18 2.50315e-18 8.32182e-19 2.77045e-19 9.23213e-20 3.07087e-20 1.01263e-20 3.18533e-21 6.67693e-22
    2.90927      1.5351    0.826408    0.459202     0.25631    0.143068    0.079403   0.0430324     0.02276   0.0116225  0.00576031  0.00277667  0.00129724 0.000588859 0.000260178 0.000111394 4.62437e-05 1.85617e-05 7.20019e-06 2.69871e-06 9.75208e-07 3.39216e-07 1.13449e-07   3.644e-08 1.12209e-08 3.31677e-09 9.42521e-10 2.58386e-10 6.87286e-11 1.78754e-11  4.5964e-12 1.18338e-12 3.10117e-13 8.38437e-14 2.35771e-14 6.92316e-15 2.11568e-15 6.66933e-16 2.14801e-16 7.01159e-17 2.30637e-17  7.6248e-18  2.5299e-18 8.40902e-19 2.79863e-19 9.32298e-20 3.10013e-20 1.02184e-20 3.21261e-21 6.76226e-22
    2.93721     1.55586    0.837952    0.465521    0.259654    0.144724   0.0801403   0.0433199   0.0228452   0.0116343  0.00575295  0.00276865  0.00129238  0.00058651 0.000259194 0.000111031 4.61189e-05 1.85211e-05 7.18755e-06 2.69431e-06 9.73685e-07 3.38669e-07 1.13254e-07 3.63738e-08 1.12005e-08 3.31099e-09 9.41095e-10 2.58096e-10 6.86909e-11 1.78801e-11  4.6023e-12 1.18636e-12  3.1129e-13 8.42635e-14 2.37206e-14 6.97055e-15 2.13103e-15 6.71934e-16 2.16466e-16 7.06753e-17 2.32516e-17 7.68816e-18  2.5513e-18 8.47952e-19 2.82171e-19 9.39848e-20 3.12471e-20 1.02965e-20 3.23644e-21 6.87021e-22
     2.9636      1.5765    0.848536    0.470819    0.262206     0.14587   0.0806023   0.0434784   0.0228803   0.0116298  0.00574167  0.00276034  0.00128796  0.00058459 0.000258486 0.000110814 4.60596e-05 1.85068e-05 7.18445e-06 2.69306e-06 9.73139e-07 3.38406e-07 1.13144e-07 3.63321e-08 1.11872e-08 3.30713e-09  9.4014e-10 2.57903e-10 6.86661e-11 1.78832e-11 4.60615e-12 1.18827e-12 3.12036e-13   8.453e-14  2.3812e-14 7.00084e-15 2.14093e-15 6.75192e-16  2.1756e-16  7.1046e-17 2.33769e-17 7.73069e-18 2.56575e-18 8.52722e-19 2.83736e-19 9.44983e-20 3.14137e-20 1.03489e-20 3.25257e-21 7.06305e-22