   0.032135 5.74782e-18 1.02409e-25 1.61541e-25 2.62037e-25 4.64915e-25 9.47875e-25 2.24892e-24  6.1781e-24 2.00614e-23 7.94219e-23 3.95865e-22 2.50601e-21 1.92817e-20 1.64318e-19 1.39716e-18 1.09898e-17  8.9898e-17 1.02051e-13 8.68934e-13 6.58279e-13 4.21306e-13 2.48122e-13 1.29033e-13 5.97683e-14 2.60533e-14 1.05644e-14 4.12662e-15  1.5648e-15 5.76347e-16 2.11369e-16 7.58947e-17  2.7241e-17 9.73526e-18 3.46367e-18 1.23248e-18 4.38042e-19 1.55559e-19 5.52675e-20 1.96363e-20 6.97642e-21 2.47997e-21 8.82031e-22 3.13815e-22  1.1171e-22 3.97864e-23 1.41793e-23 5.05647e-24 1.80398e-24 6.57503e-25
  0.0923621   0.0298469   0.0154113  0.00828155    0.004566  0.00260308  0.00152815   0.0008859 0.000474231 0.000219639 8.11848e-05 2.26746e-05 4.87999e-06 8.85642e-07 1.51619e-07  2.7153e-08 5.40993e-09 1.17661e-09 3.05009e-10 9.22284e-11 3.03697e-11 1.03898e-11  3.5879e-12 1.23814e-12  4.2542e-13 1.45788e-13 5.00456e-14 1.72309e-14 5.95857e-15 2.07283e-15  7.2266e-16 2.53266e-16 8.89165e-17 3.12713e-17 1.10197e-17 3.88755e-18  1.3732e-18 4.85552e-19 1.71809e-19 6.08477e-20 2.15694e-20 7.65199e-21 2.71654e-21 9.65077e-22 3.43077e-22 1.22037e-22 4.34338e-23 1.54655e-23 5.50957e-24 1.97005e-24
   0.144761   0.0560055   0.0289516   0.0155792  0.00859321  0.00489161  0.00286511  0.00165877 0.000890093 0.000415756 0.000156829 4.56419e-05 1.05326e-05 2.10572e-06 4.01545e-07 7.86474e-08 1.62928e-08 3.37397e-09 7.58206e-10 1.93817e-10 5.66924e-11 1.82568e-11 6.13238e-12 2.08714e-12 7.11558e-13 2.42749e-13 8.31537e-14 2.85998e-14 9.88901e-15 3.44045e-15 1.19983e-15 4.20639e-16 1.47739e-16 5.19788e-17 1.83229e-17 6.46609e-18 2.28449e-18 8.07989e-19 2.86013e-19  1.0133e-19 3.59294e-20 1.27489e-20 4.52684e-21 1.60851e-21 5.71884e-22 2.03451e-22 7.24188e-23 2.57892e-23 9.18814e-24 3.28749e-24
   0.191485   0.0794782   0.0411444   0.0221781   0.0122423  0.00696013  0.00406893  0.00235432   0.0012688 0.000600353 0.000233275 7.19054e-05 1.81882e-05 4.09795e-06 8.89495e-07 1.96205e-07 4.45606e-08 9.65079e-09 2.06874e-09 4.51055e-10 1.06614e-10 2.89513e-11 8.89791e-12 2.93308e-12 9.93397e-13  3.3932e-13 1.16414e-13  4.0065e-14  1.3854e-14  4.8174e-15 1.67922e-15 5.88562e-16 2.06708e-16 7.27256e-17 2.56394e-17 9.04953e-18 3.19771e-18 1.13117e-18 4.00479e-19 1.41904e-19 5.03234e-20 1.78589e-20 6.34214e-21 2.25383e-21 8.01438e-22 2.85158e-22 1.01518e-22 3.61572e-23  1.2884e-23 4.61306e-24
   0.234014    0.100951   0.0523491   0.0282735   0.0156242  0.00887483  0.00517991  0.00299706  0.00162473 0.000781337 0.000314653 0.000103588 2.89144e-05 7.35123e-06 1.81309e-06 4.52218e-07 1.15083e-07 2.77424e-08 6.40907e-09  1.4011e-09 2.94538e-10 6.39289e-11 1.54651e-11 4.30348e-12 1.34561e-12 4.45828e-13 1.51561e-13 5.19928e-14 1.79434e-14 6.22595e-15 2.16607e-15 7.58305e-16 2.66127e-16 9.35834e-17 3.29893e-17 1.16438e-17 4.11469e-18 1.45576e-18 5.15487e-19 1.82686e-19 6.47971e-20 2.29997e-20 8.16917e-21 2.90361e-21  1.0327e-21 3.67513e-22 1.30863e-22 4.66197e-23  1.6616e-23 5.95306e-24
   0.273418    0.120913    0.062823   0.0340055   0.0188203   0.0106852   0.0062279  0.00360513  0.00196809 0.000964059 0.000403711 0.000142299 4.37458e-05 1.24558e-05 3.45582e-06 9.67143e-07 2.75567e-07 7.50343e-08 1.95889e-08 4.78763e-09 1.07906e-09 2.28634e-10 4.77057e-11 1.02379e-11 2.45132e-12 6.62935e-13 2.02833e-13 6.63846e-14 2.24727e-14  7.7257e-15 2.67315e-15 9.32809e-16 3.26678e-16 1.14709e-16 4.04132e-17 1.42599e-17 5.03861e-18 1.78285e-18 6.31423e-19 2.23815e-19 7.94034e-20 2.81914e-20 1.00155e-20 3.56074e-21 1.26677e-21 4.50933e-22 1.60612e-22 5.72366e-23 2.04073e-23 7.31297e-24
   0.310499     0.13973   0.0727585    0.039481   0.0218931   0.0124294  0.00723636  0.00419247  0.00230648  0.00115224   0.0005023 0.000189323 6.37165e-05 2.01105e-05 6.20218e-06 1.92595e-06 6.08563e-07 1.85944e-07 5.49791e-08 1.53823e-08 3.98089e-09 9.54128e-10 2.15054e-10 4.61905e-11 9.80038e-12 2.03071e-12  4.5554e-13 1.14054e-13 3.23556e-14 1.01066e-14 3.32249e-15  1.1337e-15 3.92201e-16 1.36831e-16 4.80673e-17  1.6932e-17 5.97766e-18 2.11478e-18 7.49013e-19 2.65529e-19  9.4229e-20 3.34663e-20 1.18932e-20 4.22973e-21 1.50537e-21 5.36065e-22 1.91006e-22 6.80988e-23 2.42922e-23 8.69937e-24
   0.345879     0.15768   0.0823054   0.0447853   0.0248928   0.0141383  0.00822478  0.00477049  0.00264582  0.00134854 0.000611672 0.000245686 8.98412e-05 3.11063e-05 1.05428e-05 3.59158e-06  1.2444e-06 4.21398e-07 1.39462e-07  4.4319e-08 1.32019e-08 3.67531e-09 9.61057e-10  2.3716e-10 5.68241e-11 1.25066e-11 2.70394e-12 5.75076e-13 1.24098e-13 2.84119e-14 6.85214e-15 1.88614e-15 5.57682e-16  1.7712e-16  5.9275e-17 2.02823e-17 7.05587e-18 2.47874e-18 8.74266e-19 3.09261e-19 1.09664e-19 3.89372e-20 1.38361e-20 4.92186e-21 1.75241e-21 6.24289e-22 2.22538e-22 7.93858e-23 2.83326e-23  1.0142e-23
   0.380051    0.174989   0.0915809   0.0499851   0.0278605    0.015839  0.00920999   0.0053491  0.00299103    0.001555 0.000732649  0.00031216 0.000123058 4.62897e-05 1.70684e-05 6.31418e-06 2.37309e-06 8.79279e-07  3.2112e-07 1.14164e-07 3.85853e-08 1.23519e-08  3.7441e-09 1.07478e-09 3.01368e-10 7.79721e-11   1.969e-11 4.80859e-12 1.14573e-12 2.71866e-13 6.17963e-14 1.46036e-14 3.37032e-15 7.94462e-16 1.99789e-16 5.15305e-17 1.43779e-17  4.3183e-18 1.34261e-18 4.36611e-19 1.47402e-19 5.03969e-20 1.73986e-20 6.10965e-21 2.15499e-21 7.61605e-22 2.70207e-22  9.6396e-23 3.39502e-23 1.43433e-23
   0.413413     0.19184    0.100683   0.0551358   0.0308306    0.017555   0.0102064  0.00593707  0.00334682  0.00177363 0.000865813 0.000389305 0.000164196 6.65204e-05 2.64495e-05 1.05324e-05  4.2533e-06 1.70435e-06 6.77631e-07 2.65349e-07 1.00047e-07 3.61997e-08 1.25219e-08 4.13215e-09 1.33402e-09 4.02973e-10 1.19383e-10 3.44079e-11 9.73106e-12 2.74637e-12 7.47081e-13 2.06447e-13 5.51269e-14 1.45175e-14 3.84472e-15 9.90318e-16  2.6003e-16 7.03286e-17 1.87638e-17 5.18338e-18 1.52782e-18 4.51269e-19 1.33998e-19 4.38883e-20 1.45759e-20 4.85087e-21 1.67079e-21 6.10834e-22  1.8599e-22 2.69119e-22
    0.44629    0.208385    0.109694   0.0602858   0.0338337   0.0193064   0.0112284  0.00654366  0.00371806  0.00200647  0.00101192 0.000477489 0.000213922 9.26138e-05 3.94046e-05 1.67638e-05 7.21583e-06 3.09597e-06  1.3244e-06 5.63067e-07 2.33009e-07 9.36169e-08  3.6307e-08 1.35498e-08 4.94005e-09 1.70987e-09 5.81761e-10 1.93413e-10 6.35192e-11 2.09282e-11 6.71935e-12 2.19689e-12 7.01608e-13  2.2119e-13 6.92414e-14 2.12096e-14 6.49475e-15 1.99599e-15 6.03393e-16 1.85527e-16 5.93466e-17  1.8895e-17 6.00892e-18 2.08745e-18 7.32109e-19 2.56609e-19 9.31921e-20 3.58687e-20 1.17071e-20 1.67888e-20
   0.478953    0.224756    0.118682   0.0654778   0.0368962   0.0211118     0.01229  0.00717788   0.0041097  0.00225568   0.0011718 0.000577127 0.000272745 0.000125292 5.66584e-05 2.55886e-05 1.16608e-05 5.31243e-06 2.42137e-06 1.10371e-06 4.94055e-07 2.16825e-07 9.26867e-08 3.84567e-08 1.55716e-08 6.06593e-09 2.32338e-09 8.71665e-10    3.24e-10 1.20892e-10 4.42563e-11 1.66193e-11 6.15079e-12 2.26129e-12 8.28711e-13 2.99748e-13 1.07514e-13 3.81967e-14 1.33976e-14 4.71027e-15 1.67606e-15 5.92514e-16 2.08882e-16 7.81706e-17 2.93752e-17 1.10319e-17 4.26611e-18 1.72383e-18 6.18339e-19 7.54046e-19
   0.511625    0.241062    0.127711   0.0707476   0.0400414   0.0229892   0.0134044   0.0078484  0.00452674  0.00252372  0.00134644 0.000688782 0.000341114 0.000165178 7.89055e-05 3.76174e-05 1.80483e-05 8.67061e-06 4.17637e-06  2.0199e-06 9.66032e-07 4.56459e-07 2.11742e-07 9.60524e-08  4.2587e-08 1.83615e-08 7.78608e-09 3.24075e-09 1.33673e-09 5.51683e-10 2.24247e-10  9.3621e-11 3.87264e-11 1.60177e-11 6.67037e-12 2.76059e-12 1.13645e-12 4.64255e-13 1.88281e-13 7.59242e-14 3.04163e-14 1.21068e-14 4.80432e-15 1.95157e-15 7.92744e-16 3.21531e-16 1.32912e-16 5.65101e-17 2.20999e-17 2.33227e-17
   0.544496    0.257404    0.136834   0.0761257   0.0432902   0.0249548   0.0145848  0.00856468  0.00497501  0.00281354  0.00153715 0.000813023  0.00041955 0.000212807 0.000106775 5.34586e-05 2.68792e-05 1.35403e-05  6.8465e-06 3.48371e-06 1.76189e-06 8.85382e-07 4.39594e-07 2.14602e-07 1.02914e-07 4.83412e-08 2.23609e-08 1.01778e-08 4.58916e-09 2.06269e-09 9.15571e-10   4.148e-10 1.86589e-10 8.41765e-11 3.84396e-11 1.75084e-11 7.99148e-12 3.65336e-12  1.6665e-12 7.57249e-13 3.41689e-13 1.53604e-13 6.89623e-14 3.08667e-14 1.37729e-14 6.13982e-15 2.75196e-15 1.24073e-15 5.28952e-16 4.93342e-16
   0.577717    0.273877    0.146096   0.0816411   0.0466627   0.0270242   0.0158441  0.00933669  0.00546106  0.00312899  0.00174579 0.000950679 0.000508528 0.000268699 0.000140849  7.3699e-05 3.86705e-05 2.03305e-05  1.0734e-05 5.70701e-06 3.02663e-06 1.60086e-06 8.40779e-07  4.3639e-07 2.23571e-07 1.12779e-07 5.61349e-08 2.75668e-08 1.34121e-08 6.48931e-09 3.10781e-09  1.5065e-09 7.25703e-10 3.50406e-10 1.70991e-10 8.32788e-11 4.07949e-11 2.01274e-11 9.93388e-12 4.90963e-12 2.43079e-12 1.20383e-12 5.96746e-13 2.94831e-13 1.45331e-13 7.16929e-14 3.52391e-14 1.71425e-14 8.07355e-15 6.67251e-15
   0.611422    0.290557    0.155537   0.0873203   0.0501781   0.0292121   0.0171955   0.0101751  0.00599231  0.00347486  0.00197511  0.00110307  0.00060869  0.00033332 0.000181635 9.88942e-05 5.39451e-05   2.948e-05  1.6179e-05 8.94001e-06 4.93863e-06 2.72761e-06 1.50126e-06 8.19752e-07 4.43624e-07 2.37322e-07 1.25558e-07 6.57044e-08 3.40799e-08 1.75611e-08 8.97353e-09 4.61012e-09 2.35541e-09 1.20435e-09 6.19965e-10 3.18439e-10 1.64348e-10 8.53665e-11 4.43541e-11 2.31282e-11 1.21418e-11 6.39037e-12 3.36855e-12 1.78464e-12 9.47261e-13  5.0361e-13 2.67087e-13 1.40325e-13 7.26522e-14 5.06576e-14
   0.645725     0.30751    0.165194   0.0931878   0.0538534   0.0315323   0.0186515   0.0110908  0.00657741  0.00385708   0.0022288  0.00127225 0.000721056 0.000407242 0.000229609 0.000129539 7.32014e-05 4.14391e-05 2.35524e-05 1.34674e-05 7.70845e-06 4.41741e-06 2.52874e-06 1.44018e-06  8.1538e-07 4.57654e-07 2.54612e-07 1.40414e-07 7.68089e-08 4.17371e-08 2.25183e-08 1.21585e-08 6.53404e-09  3.5088e-09 1.89029e-09 1.01596e-09 5.47616e-10 2.96354e-10 1.60306e-10 8.69632e-11 4.74678e-11 2.59747e-11 1.42291e-11 7.84917e-12 4.34575e-12 2.40807e-12 1.33359e-12 7.34849e-13 3.99763e-13 2.30584e-13
   0.680709    0.324799    0.175103   0.0992655   0.0577055   0.0339988   0.0202241   0.0120947  0.00722577  0.00428281   0.0025118  0.00146128  0.00084731 0.000491349 0.000285321 0.000166102  9.6903e-05 5.66483e-05 3.32412e-05 1.96025e-05 1.15776e-05 6.84973e-06 4.05349e-06  2.3909e-06 1.40494e-06 8.20134e-07 4.75441e-07 2.73657e-07 1.56372e-07 8.88118e-08 5.01256e-08 2.82301e-08 1.58341e-08 8.86382e-09  4.9643e-09 2.77357e-09 1.55129e-09   8.693e-10 4.86748e-10 2.73022e-10 1.53775e-10 8.67508e-11 4.89735e-11 2.78147e-11 1.58465e-11 9.02475e-12 5.12733e-12 2.89073e-12 1.58872e-12  7.8053e-13
   0.716439    0.342479    0.185293    0.105574   0.0617494   0.0366245   0.0219248   0.0131972   0.0079469  0.00476017  0.00283047  0.00167454 0.000990144 0.000587144 0.000349597 0.000209123 0.000125507 7.55309e-05 4.56295e-05 2.76759e-05 1.68147e-05 1.02326e-05 6.23096e-06 3.78553e-06 2.29391e-06 1.38269e-06 8.28832e-07 4.93868e-07 2.92393e-07 1.72176e-07   1.008e-07  5.8817e-08 3.41944e-08 1.98218e-08 1.14746e-08 6.62747e-09 3.82561e-09 2.20795e-09 1.27289e-09 7.34634e-10 4.25208e-10 2.46362e-10 1.42789e-10 8.31337e-11 4.85082e-11 2.82652e-11 1.63812e-11 9.35918e-12 5.11662e-12 2.21559e-12
   0.752962    0.360597    0.195791    0.112131   0.0659984   0.0394207   0.0237637   0.0144079  0.00874996  0.00529772  0.00319214  0.00191784   0.0011536 0.000697155 0.000423903 0.000259444 0.000159576 9.85321e-05 6.11004e-05 3.80235e-05 2.37054e-05  1.4799e-05 9.24303e-06 5.76207e-06 3.58366e-06 2.21851e-06 1.36666e-06  8.3727e-07 5.10002e-07 3.09181e-07 1.86397e-07 1.11966e-07 6.70295e-08 3.99893e-08 2.37952e-08 1.41263e-08 8.37441e-09 4.95941e-09 2.93348e-09 1.73559e-09 1.02846e-09 6.09914e-10   3.618e-10 2.15139e-10 1.28018e-10 7.60049e-11 4.47916e-11 2.58752e-11 1.40587e-11 5.58027e-12
   0.790309    0.379195    0.206617    0.118947   0.0704612   0.0423939   0.0257478   0.0157336  0.00964188  0.00590255  0.00360361  0.00219727   0.0013426 0.000824872 0.000510466 0.000318365 0.000199859 0.000126118 7.99854e-05 5.09187e-05 3.24853e-05 2.07532e-05 1.32606e-05 8.45892e-06 5.38169e-06  3.4088e-06 2.14861e-06 1.34688e-06 8.39612e-07 5.20912e-07 3.21447e-07 1.97546e-07 1.20972e-07   7.382e-08  4.4925e-08 2.72756e-08 1.65281e-08 1.00011e-08 6.04568e-09 3.65351e-09 2.20848e-09 1.33557e-09 8.07912e-10 4.89559e-10 2.96571e-10 1.79123e-10 1.07195e-10 6.25968e-11   3.395e-11 1.28348e-11
   0.828492    0.398306    0.217786    0.126025   0.0751388   0.0455434   0.0278766   0.0171743   0.0106234  0.00657633  0.00406767  0.00251628  0.00156068 0.000973307 0.000611444 0.000387201 0.000247001  0.00015852 0.000102303 6.63101e-05 4.30925e-05 2.80486e-05 1.82609e-05 1.18716e-05 7.69562e-06 4.96694e-06 3.18883e-06  2.0355e-06 1.29185e-06 8.15626e-07  5.1216e-07 3.20121e-07 1.99323e-07 1.23641e-07 7.64693e-08 4.71889e-08 2.90568e-08 1.78583e-08  1.0965e-08 6.73337e-09 4.13799e-09 2.54443e-09 1.56463e-09 9.62565e-10 5.91719e-10 3.62437e-10 2.19569e-10 1.29154e-10 6.96528e-11 2.48339e-11
   0.867504    0.417955    0.229314    0.133374   0.0800331   0.0488703   0.0301487   0.0187283   0.0116917  0.00731647  0.00458245  0.00287413  0.00180824  0.00114359 0.000728135 0.000467016 0.000301629 0.000195983 0.000128034 8.40133e-05 5.52744e-05 3.64244e-05 2.40084e-05 1.58028e-05 1.03691e-05 6.77271e-06 4.39868e-06 2.83903e-06  1.8212e-06  1.1619e-06 7.37017e-07 4.65043e-07 2.92296e-07 1.82955e-07 1.14114e-07 7.10182e-08 4.41169e-08 2.73688e-08 1.69674e-08 1.05237e-08 6.53682e-09 4.06505e-09 2.52868e-09 1.57058e-09 9.73133e-10 6.00197e-10 3.65629e-10 2.15184e-10 1.14242e-10  3.7632e-11
   0.907325    0.438167    0.241215    0.141005   0.0851505   0.0523801   0.0325683    0.020399   0.0128491  0.00812371  0.00514774  0.00327026   0.0020851  0.00133626 0.000861707 0.000559335 0.000365311 0.000239875 0.000158261 0.000104792 6.95379e-05 4.61954e-05 3.06812e-05 2.03426e-05 1.34412e-05 8.83541e-06 5.77297e-06  3.7458e-06 2.41389e-06 1.54618e-06 9.83981e-07 6.22915e-07 3.92779e-07 2.46582e-07 1.54325e-07 9.64124e-08 6.01353e-08 3.74977e-08 2.33887e-08 1.45946e-08 9.11943e-09 5.70607e-09 3.57246e-09 2.23297e-09 1.39107e-09 8.61962e-10 5.26988e-10 3.10377e-10 1.63566e-10 5.25618e-11
   0.947919    0.458955    0.253498    0.148922   0.0904932   0.0560742   0.0351394   0.0221909   0.0141006  0.00900183  0.00576606  0.00370585  0.00239159  0.00155134  0.00101215 0.000664217 0.000438226 0.000290445 0.000193241 0.000128929 8.61752e-05 5.76374e-05 3.85155e-05 2.56798e-05 1.70521e-05 1.12577e-05 7.38412e-06 4.80546e-06 3.10327e-06 1.98982e-06 1.26619e-06 8.01115e-07 5.04836e-07 3.16743e-07  1.9825e-07 1.23941e-07  7.7414e-08 4.83992e-08  3.0287e-08 1.89503e-08 1.18651e-08 7.43743e-09 4.66204e-09 2.91811e-09 1.82116e-09 1.13009e-09 6.91589e-10 4.07175e-10 2.13509e-10 6.73823e-11
   0.989246     0.48032    0.266165    0.157122   0.0960595   0.0599502   0.0378596   0.0241023   0.0154448  0.00994976  0.00643601  0.00417911  0.00272529  0.00178583  0.00117619 0.000778451 0.000517492 0.000345293   0.0002311 0.000154986 0.000104023  6.9792e-05 4.67084e-05  3.1138e-05 2.06433e-05 1.35889e-05 8.88059e-06 5.75732e-06 3.70232e-06 2.36434e-06 1.49881e-06 9.44219e-07 5.92906e-07 3.70997e-07 2.31782e-07 1.44711e-07 9.03142e-08 5.64368e-08 3.53048e-08 2.20732e-08 1.37854e-08 8.60372e-09 5.36555e-09 3.33881e-09 2.06835e-09  1.2724e-09 7.71138e-10 4.48988e-10 2.32265e-10 7.17302e-11
    1.03125    0.502257    0.279215    0.165602    0.101841   0.0640002   0.0407197   0.0261248   0.0168744    0.010961  0.00715171  0.00468492   0.0030814  0.00203516   0.0013497 0.000898548 0.000600203 0.000401984  0.00026978 0.000181199 0.000121575 8.13884e-05 5.42453e-05 3.59506e-05 2.36725e-05 1.54682e-05 1.00319e-05 6.45868e-06 4.12625e-06 2.61961e-06 1.65297e-06 1.03754e-06 6.49629e-07 4.05786e-07 2.53359e-07 1.58141e-07 9.85895e-08 6.14303e-08 3.82742e-08 2.38313e-08 1.48163e-08 9.19435e-09 5.69764e-09 3.51741e-09 2.15635e-09 1.30996e-09 7.82426e-10 4.48437e-10 2.28224e-10 6.90483e-11
    1.07388    0.524754    0.292636    0.174346    0.107822   0.0682092   0.0437069   0.0282464   0.0183789   0.0120264  0.00790503  0.00521573  0.00345322  0.00229366  0.00152809  0.00102093 0.000683579  0.00045829  0.00030745 0.000206054 0.000137659 9.15774e-05 6.05675e-05 3.97857e-05 2.59596e-05 1.68152e-05 1.08143e-05 6.91183e-06 4.38833e-06 2.77086e-06 1.74109e-06 1.09007e-06   6.811e-07 4.24647e-07 2.64562e-07 1.64768e-07 1.02438e-07 6.35359e-08  3.9337e-08 2.43198e-08 1.50004e-08 9.22233e-09 5.65542e-09 3.45023e-09 2.08647e-09 1.24844e-09 7.33509e-10 4.13254e-10 2.06818e-10 6.14384e-11
    1.11704    0.547788    0.306407    0.183335    0.113983   0.0725569   0.0468025   0.0304517   0.0199438   0.0131336  0.00868511  0.00576175  0.00383236  0.00255467  0.00170624  0.00114163 0.000764479 0.000511681 0.000342092 0.000228031 0.000151252 9.97454e-05  6.5356e-05 4.25214e-05 2.74866e-05 1.76568e-05 1.12691e-05 7.15475e-06 4.51822e-06 2.84016e-06 1.77815e-06  1.1104e-06 6.92181e-07 4.30402e-07 2.67006e-07 1.65378e-07 1.02255e-07 6.30682e-08 3.87989e-08 2.37979e-08 1.45212e-08 8.80741e-09 5.31462e-09 3.18799e-09 1.89597e-09 1.11519e-09 6.43952e-10 3.56676e-10 1.75685e-10  5.1439e-11
    1.16066     0.57132    0.320504    0.192544    0.120298   0.0770185   0.0499832   0.0327208   0.0215516   0.0142668  0.00947816  0.00631168   0.0042099  0.00281137  0.00187899  0.00125652 0.000839565 0.000559632 0.000371924 0.000246022 0.000161767 0.000105664 6.85777e-05 4.42189e-05 2.83437e-05 1.80743e-05 1.14617e-05 7.23554e-06 4.54738e-06 2.84645e-06 1.77515e-06 1.10436e-06 6.85677e-07 4.24573e-07 2.61984e-07  1.6117e-07 9.88993e-08 6.04803e-08 3.68406e-08 2.23413e-08 1.34575e-08 8.04574e-09  4.7782e-09  2.8151e-09 1.64211e-09 9.46021e-10 5.34662e-10 2.90111e-10 1.40037e-10 3.99335e-11
    1.20464    0.595306    0.334893    0.201939    0.126735   0.0815646   0.0532213   0.0350281   0.0231811   0.0154072   0.0102686  0.00685345  0.00457705  0.00305727  0.00204128  0.00136156 0.000905805 0.000600141 0.000395816 0.000259542  0.00016911 0.000109448  7.0413e-05 4.50429e-05 2.86628e-05 1.81612e-05 1.14529e-05 7.19283e-06 4.49944e-06 2.80367e-06 1.74036e-06  1.0768e-06 6.64374e-07 4.08785e-07 2.50645e-07 1.53084e-07   9.307e-08 5.62269e-08 3.37535e-08 2.01497e-08 1.19502e-08 7.03349e-09 4.10929e-09 2.37819e-09  1.3609e-09 7.67908e-10  4.2438e-10 2.25042e-10 1.06052e-10 2.92654e-11
    1.24888    0.619691    0.349539    0.211483    0.133257   0.0861599   0.0564856   0.0373445   0.0248086   0.0165354   0.0110412  0.00737594  0.00492579   0.0032863  0.00218847   0.0014534 0.000961101 0.000632164  0.00041346  0.00026872  0.00017358 0.000111414 7.11248e-05 4.51833e-05  2.8571e-05 1.79984e-05 1.12896e-05 7.05239e-06 4.38868e-06 2.72032e-06 1.67923e-06   1.032e-06 6.31678e-07 3.85355e-07 2.34191e-07 1.41668e-07 8.51776e-08 5.07715e-08 2.99995e-08 1.75956e-08  1.0248e-08 5.92272e-09 3.39631e-09 1.92965e-09 1.08392e-09  5.9995e-10 3.24672e-10 1.68271e-10 7.73545e-11 2.06458e-11
     1.2933      0.6444    0.364391    0.221134    0.139825   0.0907641   0.0597413   0.0396412   0.0264088   0.0176318   0.0117819  0.00786943  0.00524902  0.00349317  0.00231688  0.00152995  0.00100462 0.000655671 0.000425262 0.000274102 0.000175675 0.000111933 7.09716e-05 4.48067e-05 2.81668e-05 1.76422e-05 1.10046e-05 6.83402e-06  4.2266e-06 2.60272e-06 1.59545e-06 9.72866e-07 5.89987e-07 3.56077e-07 2.13787e-07 1.27659e-07 7.57366e-08 4.45134e-08 2.58911e-08 1.49163e-08 8.52066e-09 4.82748e-09 2.71199e-09 1.51065e-09 8.32456e-10 4.52085e-10 2.39869e-10 1.21695e-10 5.47089e-11 1.42595e-11
    1.33779    0.669362    0.379391    0.230843    0.146396   0.0953376   0.0629501   0.0418908   0.0279578    0.018679   0.0124789  0.00832547  0.00554068  0.00367392  0.00242441  0.00159058  0.00103672 0.000671427 0.000432074 0.000276398 0.000175908 0.000111348 7.01632e-05 4.40358e-05   2.752e-05 1.71328e-05  1.0622e-05 6.55298e-06 4.02319e-06 2.45746e-06 1.49335e-06 9.01959e-07 5.41016e-07 3.22457e-07  1.9093e-07 1.12338e-07 6.56363e-08 3.79762e-08 2.17222e-08 1.22878e-08 6.88397e-09 3.82266e-09 2.10287e-09  1.1466e-09 6.18683e-10 3.29046e-10 1.70994e-10 8.49135e-11 3.73184e-11 9.45217e-12
    1.38226    0.694499    0.394474    0.240561    0.152926   0.0998411   0.0660743   0.0440613   0.0294361   0.0196629   0.0131223  0.00873719  0.00579628   0.0038263  0.00251064  0.00163603   0.0010586  0.00068064 0.000434878 0.000276299  0.00017472 0.000109924 6.88484e-05 4.29508e-05 2.66774e-05 1.64994e-05 1.01593e-05 6.22041e-06 3.78649e-06 2.29077e-06 1.37763e-06 8.22791e-07  4.8741e-07   2.865e-07 1.67107e-07 9.67628e-08 5.55948e-08 3.16149e-08 1.77622e-08 9.86055e-09 5.41775e-09  2.9486e-09 1.58818e-09 8.46745e-10  4.4656e-10 2.32091e-10 1.17893e-10 5.72233e-11  2.4562e-11 6.05472e-12
    1.42662    0.719721    0.409573    0.250241    0.159362    0.104238   0.0690799    0.046121   0.0308284   0.0205742   0.0137052  0.00909972  0.00601333  0.00394991  0.00257654  0.00166793  0.00107192 0.000684606 0.000434568 0.000274376 0.000172445 0.000107844 6.71268e-05 4.16065e-05 2.56694e-05  1.5761e-05 9.62915e-06 5.84527e-06  3.5237e-06 2.10873e-06 1.25318e-06 7.39058e-07 4.31853e-07 2.50052e-07 1.43503e-07  8.1688e-08 4.61047e-08 2.57456e-08 1.41973e-08 7.73039e-09 4.16333e-09 2.21967e-09 1.17026e-09 6.09852e-10 3.14009e-10 1.59231e-10 7.89191e-11  3.7386e-11 1.56679e-11 3.77629e-12
    1.47075    0.744943    0.424618    0.259844    0.165659    0.108498   0.0719402   0.0480468   0.0321192   0.0214079   0.0142238  0.00941074  0.00619143  0.00404586  0.00262392   0.0016882  0.00107826 0.000684452 0.000431853 0.000271044 0.000169317 0.000105234 6.50718e-05 4.00471e-05 2.45244e-05 1.49384e-05 9.04676e-06 5.43821e-06 3.24286e-06  1.9176e-06 1.12469e-06 6.54072e-07 3.76603e-07 2.14594e-07  1.2104e-07 6.76597e-08 3.74831e-08 2.05443e-08 1.11163e-08 5.93444e-09 3.13065e-09 1.63354e-09 8.42291e-10 4.28777e-10  2.1534e-10 1.06388e-10 5.13272e-11 2.36435e-11  9.6038e-12 2.20025e-12
    1.51454    0.770104    0.439549    0.269339    0.171797    0.112607   0.0746413   0.0498266   0.0332927   0.0221595   0.0146784  0.00967125  0.00633238  0.00411642    0.002655  0.00169862  0.00107887 0.000680983 0.000427212 0.000266568  0.00016549 0.000102187 6.27414e-05 3.83119e-05 2.32695e-05 1.40501e-05 8.42624e-06 5.01098e-06 2.95313e-06 1.72392e-06 9.96668e-07  5.7079e-07 3.23485e-07 1.81242e-07 1.00396e-07 5.50591e-08 2.99165e-08 1.60851e-08 8.53663e-09 4.46614e-09 2.30565e-09 1.17586e-09   5.921e-10 2.94095e-10 1.43884e-10 6.91477e-11 3.23893e-11 1.44389e-11 5.63028e-12 1.19422e-12
     1.5579    0.795089    0.454307    0.278646    0.177759    0.116539   0.0771868     0.05146   0.0343425   0.0228208   0.0150703  0.00988554   0.0064404  0.00416498  0.00267219   0.0017007  0.00107463  0.00067469 0.000420918 0.000261089 0.000161047 9.87619e-05 6.01791e-05 3.64363e-05 2.19264e-05 1.31066e-05 7.77602e-06 4.57156e-06 2.66103e-06 1.53254e-06 8.72812e-07 4.91662e-07 2.73935e-07 1.50804e-07 8.20265e-08 4.41206e-08 2.34927e-08 1.23762e-08 6.43505e-09 3.29588e-09 1.66293e-09 8.27474e-10 4.06097e-10 1.96451e-10 9.34673e-11 4.36153e-11 1.97997e-11 8.52875e-12 3.19526e-12 6.42425e-13
    1.60073    0.819754    0.468764    0.287617    0.183546    0.120258    0.079585   0.0529623    0.035276    0.023388   0.0153972   0.0100574  0.00652062  0.00419564   0.0026782  0.00169596  0.00106627 0.000665924 0.000413135 0.000254685 0.000156032 9.49897e-05  5.7415e-05 3.44502e-05 2.05221e-05  1.2131e-05 7.11237e-06 4.12981e-06 2.37242e-06 1.34722e-06 7.55629e-07 4.18474e-07 2.29033e-07 1.23813e-07  6.6126e-08 3.48868e-08 1.81887e-08  9.3714e-09 4.76434e-09 2.38542e-09 1.17517e-09 5.69829e-10 2.72004e-10 1.27821e-10 5.90035e-11 2.66749e-11 1.17158e-11 4.87746e-12 1.76863e-12 3.49759e-13
    1.64284    0.844241    0.482761    0.296236    0.189127    0.123805   0.0818313   0.0543511   0.0361134    0.023871   0.0156606   0.0101879  0.00657583  0.00421155  0.00267543  0.00168583  0.00105446 0.000654968 0.000403986 0.000247442 0.000150508 9.09131e-05 5.44855e-05 3.23861e-05 1.90877e-05   1.115e-05 6.45384e-06 3.69716e-06 2.09411e-06 1.17177e-06  6.4702e-07 3.52357e-07 1.89425e-07 1.00494e-07 5.26436e-08 2.72213e-08 1.38862e-08 6.98791e-09 3.46659e-09 1.69346e-09 8.13616e-10 3.84088e-10 1.78114e-10 8.11362e-11 3.62543e-11 1.58437e-11 6.71617e-12 2.69501e-12 9.43294e-13 1.80581e-13
    1.68439    0.868649    0.496441    0.304559    0.194369    0.127206    0.083939    0.055621   0.0368775   0.0242909    0.015873    0.010282  0.00660824  0.00421409  0.00266483  0.00167094  0.00103948 0.000641901 0.000393484 0.000239419 0.000144544 8.65907e-05  5.1433e-05 3.02735e-05 1.76463e-05 1.01818e-05 5.81452e-06 3.28366e-06 1.83237e-06  1.0096e-06 5.48543e-07 2.93737e-07 1.55114e-07 8.07286e-08 4.14246e-08 2.09604e-08 1.04533e-08 5.13591e-09 2.48375e-09 1.18136e-09  5.5219e-10 2.53371e-10  1.1404e-10  5.0292e-11 2.17076e-11  9.1448e-12 3.73104e-12 1.43868e-12 4.81907e-13 8.57888e-14
     1.7255    0.892497    0.509887    0.312461    0.199257    0.130304   0.0859422   0.0568008   0.0375693   0.0246623    0.016052   0.0103525  0.00662416  0.00420599  0.00264761  0.00165204    0.001022 0.000627197 0.000381887 0.000230702 0.000138181 8.20508e-05 4.82735e-05 2.81214e-05 1.62076e-05 9.23621e-06  5.2025e-06 2.89509e-06 1.59067e-06 8.62385e-07 4.60766e-07 2.42517e-07 1.25749e-07  6.4183e-08 3.22464e-08 1.59502e-08 7.76621e-09 3.72103e-09 1.75279e-09 8.10837e-10 3.67939e-10 1.63636e-10 7.12754e-11  3.0392e-11 1.26622e-11  5.1378e-12 2.01387e-12 7.44238e-13 2.38093e-13 3.99537e-14
    1.76609    0.915242    0.522989    0.320027    0.203755     0.13316   0.0877543     0.05793   0.0382106   0.0249951   0.0162056   0.0104073   0.0066299   0.0041912  0.00262625  0.00163065  0.00100314 0.000611671  0.00036977 0.000221628 0.000131604 7.74091e-05  4.5077e-05 2.59696e-05 1.47921e-05 8.32364e-06  4.6244e-06 2.53568e-06 1.37138e-06  7.3117e-07  3.8389e-07 1.98442e-07 1.00962e-07 5.05123e-08 2.48428e-08 1.20088e-08 5.70337e-09 2.66048e-09 1.21823e-09 5.47202e-10 2.40829e-10 1.03702e-10 4.36322e-11 1.79369e-11  7.1943e-12 2.80584e-12 1.05588e-12 3.73725e-13 1.13659e-13 1.74991e-14
    1.80613    0.937893    0.535609    0.327382    0.208006    0.135791   0.0894019   0.0589452   0.0387889   0.0252908   0.0163415   0.0104542  0.00663116  0.00417352  0.00260285  0.00160784 0.000983324 0.000595563  0.00035733 0.000212395 0.000124982 7.27923e-05 4.19377e-05 2.38835e-05 1.34361e-05 7.46134e-06 4.08761e-06 2.20835e-06 1.17567e-06 6.16407e-07 3.17964e-07 1.61293e-07 8.04389e-08 3.94088e-08 1.89576e-08 8.94923e-09 4.14358e-09 1.88078e-09 8.36371e-10 3.64242e-10 1.55244e-10 6.46547e-11 2.62687e-11 1.04005e-11 4.00802e-12  1.4979e-12 5.39243e-13 1.82511e-13   5.298e-14  7.8037e-15
     1.8453    0.961121    0.547622    0.334286    0.212183    0.138234   0.0909221   0.0598178    0.039279   0.0255511   0.0164556   0.0104901  0.00662715  0.00415278  0.00257696  0.00158274 0.000962152 0.000578881 0.000344797 0.000203212 0.000118467 6.83006e-05 3.89205e-05 2.19058e-05 1.21687e-05 6.66678e-06 3.60015e-06 1.91563e-06 1.00365e-06 5.17426e-07 2.62208e-07   1.305e-07 6.37689e-08 3.05702e-08 1.43686e-08 6.61708e-09 2.98423e-09 1.31706e-09 5.68334e-10 2.39719e-10 9.87988e-11 3.97214e-11 1.55507e-11 5.92602e-12  2.1945e-12 7.86633e-13 2.70915e-13  8.7485e-14 2.42158e-14 3.40732e-15
    1.88317    0.982498    0.559483    0.340756    0.216063    0.140674   0.0923231   0.0605917   0.0397247   0.0257813   0.0165442   0.0105062  0.00661041  0.00412447  0.00254739  0.00155586 0.000940251 0.000561976   0.0003323 0.000194189 0.000112134 6.39818e-05 3.60535e-05 2.00497e-05  1.0996e-05 5.94308e-06 3.16348e-06 1.65778e-06 8.54577e-07 4.33053e-07   2.155e-07 1.05213e-07 5.03648e-08 2.36184e-08  1.0842e-08 4.86792e-09 2.13676e-09 9.16351e-10 3.83529e-10 1.56614e-10 6.23877e-11  2.4201e-11 9.12295e-12   3.342e-12 1.18792e-12 4.08021e-13  1.3434e-13 4.13554e-14 1.08902e-14 1.44151e-15
    1.91898     1.00294    0.571329    0.347178    0.219686    0.142766   0.0936419   0.0612977    0.040124    0.025992   0.0166208   0.0105141  0.00658725  0.00409161  0.00251562  0.00152869 0.000918569 0.000545304 0.000319908 0.000185288 0.000105937 5.98018e-05 3.33142e-05 1.83013e-05 9.90773e-06 5.28173e-06 2.77093e-06 1.42995e-06 7.25169e-07 3.61106e-07 1.76392e-07 8.44516e-08 3.95911e-08 1.81563e-08 8.13867e-09 3.56237e-09 1.52165e-09 6.33918e-10 2.57286e-10 1.01693e-10 3.91427e-11 1.46463e-11 5.31605e-12 1.87102e-12 6.37595e-13 2.09511e-13  6.5876e-14 1.93289e-14 4.83158e-15 5.90839e-16
    1.95354     1.02415    0.582773    0.353498     0.22318    0.144623   0.0948189    0.061944   0.0404507    0.026167   0.0166912   0.0105228  0.00656537  0.00405952  0.00248363  0.00150096 0.000896284 0.000528319 0.000307467 0.000176593 0.000100003 5.58532e-05 3.07582e-05 1.66897e-05 8.91795e-06 4.68862e-06 2.42374e-06 1.23127e-06 6.14078e-07 3.00423e-07 1.44009e-07 6.75888e-08 3.10226e-08 1.39089e-08 6.08624e-09 2.59648e-09 1.07915e-09 4.36713e-10 1.71869e-10  6.5742e-11 2.44381e-11 8.81244e-12 3.07583e-12 1.03947e-12 3.39476e-13 1.06687e-13 3.20328e-14 8.96469e-15 2.13122e-15 2.44047e-16
    1.98774     1.04353    0.593963     0.35961    0.226577    0.146562   0.0958825   0.0625419   0.0407344    0.026299   0.0167462   0.0105271  0.00654253  0.00402751  0.00245209  0.00147375 0.000874176 0.000511488 0.000295203 0.000168151 9.43549e-05 5.21562e-05 2.83972e-05 1.52199e-05 8.02654e-06 4.16145e-06 2.11942e-06 1.05962e-06 5.19582e-07 2.49671e-07 1.17407e-07 5.39945e-08  2.4255e-08 1.06291e-08 4.54028e-09 1.88797e-09 7.63547e-10 3.00154e-10  1.1454e-10 4.24061e-11 1.52305e-11 5.29605e-12  1.7787e-12 5.77396e-13 1.80801e-13 5.43675e-14 1.55843e-14 4.15505e-15 9.38598e-16  1.0076e-16
    2.02102     1.06155    0.605025    0.365654    0.229901    0.148378   0.0968991   0.0630879   0.0409982   0.0264111   0.0167865   0.0105226  0.00651575  0.00399396  0.00242026  0.00144686 0.000852979 0.000495591 0.000283714 0.000160165 8.90217e-05 4.86986e-05 2.62156e-05 1.38796e-05 7.22438e-06  3.6935e-06 1.85321e-06 9.11767e-07 4.39484e-07 2.07375e-07 9.56374e-08 4.30862e-08 1.89365e-08 8.10843e-09 3.38027e-09 1.36982e-09 5.39021e-10 2.05817e-10 7.61477e-11  2.7288e-11 9.47465e-12 3.18003e-12 1.02905e-12 3.21147e-13 9.64964e-14 2.77863e-14 7.60751e-15 1.93174e-15 4.14331e-16 4.17184e-17
    2.05347     1.07937    0.615227    0.371455    0.233135    0.150164     0.09794   0.0636268   0.0412501    0.026513   0.0168095   0.0105085    0.006485  0.00395887   0.0023877  0.00141933  0.00083181 0.000480254 0.000272983 0.000152748 8.40933e-05 4.55278e-05 2.42345e-05  1.2676e-05 6.51238e-06 3.28329e-06 1.62294e-06 7.85712e-07 3.72257e-07 1.72471e-07 7.79996e-08 3.44219e-08 1.48003e-08 6.19129e-09 2.51834e-09 9.94237e-10  3.8057e-10 1.41141e-10 5.06264e-11 1.75571e-11 5.89047e-12 1.90731e-12 5.94381e-13  1.7832e-13 5.14083e-14  1.4174e-14 3.70744e-15  8.9728e-16  1.8304e-16 1.74187e-17
    2.08496     1.09589    0.624351    0.376813    0.236369    0.151971   0.0990345   0.0642177   0.0415123   0.0266249   0.0168324   0.0104922  0.00645184  0.00392192  0.00235439  0.00139223 0.000810873 0.000465232 0.000262719 0.000145796 7.95301e-05 4.26236e-05   2.244e-05 1.15984e-05 5.88279e-06 2.92529e-06  1.4247e-06 6.78751e-07 3.16087e-07  1.4379e-07 6.37711e-08 2.75713e-08 1.15994e-08 4.74139e-09 1.88211e-09 7.24046e-10 2.69638e-10  9.7139e-11 3.37848e-11 1.13386e-11 3.67458e-12 1.14705e-12 3.43914e-13 9.91347e-14 2.74063e-14 7.23069e-15 1.80678e-15 4.17221e-16 8.11052e-17 7.31569e-18
    2.11585     1.11147    0.633151    0.381859    0.239542    0.153684     0.10013   0.0648487    0.041824   0.0267611    0.016875   0.0104863  0.00642363   0.0038873  0.00232215  0.00136616 0.000790904 0.000450775 0.000252771 0.000139162 7.52359e-05  3.9929e-05  2.0798e-05  1.0626e-05 5.32248e-06 2.61123e-06 1.25362e-06 5.88086e-07 2.69327e-07 1.20336e-07 5.23531e-08 2.21806e-08 9.13228e-09 3.64841e-09 1.41381e-09 5.30201e-10 1.92187e-10 6.72801e-11 2.26952e-11 7.37381e-12 2.30969e-12 6.95556e-13  2.0079e-13 5.56293e-14 1.47499e-14 3.72383e-15 8.89015e-16 1.96095e-16   3.647e-17 3.18877e-18
    2.14651      1.1274    0.641876    0.386837    0.242563    0.155395    0.101164   0.0654665   0.0421604   0.0269165   0.0169351   0.0104928  0.00640518  0.00385943  0.00229376  0.00134194 0.000772297 0.000437198 0.000243335 0.000132913 7.12306e-05  3.7443e-05 1.93014e-05 9.75131e-06 4.82466e-06 2.33571e-06 1.10574e-06 5.11071e-07  2.3037e-07 1.01181e-07 4.32175e-08 1.79527e-08 7.23773e-09 2.82768e-09 1.07025e-09 3.91471e-10 1.38219e-10 4.70618e-11 1.54118e-11 4.85222e-12  1.4703e-12 4.27565e-13 1.18968e-13 3.16986e-14 8.06262e-15 1.94787e-15 4.44562e-16 9.38895e-17 1.68171e-17 1.46541e-18
     2.1767       1.144    0.650704    0.391723    0.245484    0.157101    0.102132   0.0660369   0.0424706   0.0270626   0.0169895   0.0104983  0.00638804   0.0038331  0.00226676  0.00131907 0.000754555 0.000424272 0.000234385 0.000127048  6.7513e-05 3.51593e-05 1.79405e-05 8.96486e-06 4.38277e-06  2.0944e-06  9.7779e-07 4.45337e-07 1.97651e-07 8.53911e-08 3.58404e-08 1.46099e-08  5.7733e-09 2.20832e-09 8.17206e-10 2.91837e-10 1.00482e-10 3.33252e-11 1.06146e-11 3.24466e-12 9.52551e-13  2.6784e-13 7.19327e-14 1.84612e-14  4.5106e-15 1.04399e-15 2.28175e-16 4.63362e-17 8.06523e-18 7.17575e-19
    2.20626     1.16068    0.659735      0.3966    0.248428    0.158772    0.103043   0.0665473   0.0427293   0.0271741   0.0170211   0.0104898  0.00636238  0.00380189  0.00223716   0.0012952 0.000736451 0.000411309 0.000225544 0.000121315  6.3928e-05 3.29892e-05 1.66644e-05 8.23662e-06 3.97975e-06 1.87798e-06 8.64856e-07 3.88214e-07 1.69661e-07 7.21098e-08 2.97518e-08 1.19098e-08 4.61677e-09 1.73049e-09 6.26691e-10  2.1875e-10 7.35402e-11 2.37909e-11 7.38341e-12 2.19568e-12 6.25764e-13   1.705e-13 4.43154e-14 1.10012e-14 2.59497e-15  5.7874e-16 1.21709e-16 2.38428e-17 4.05607e-18 3.74438e-19
    2.23449     1.17643    0.668406    0.401339    0.251289    0.160414    0.103917   0.0670177   0.0429544   0.0272634   0.0170389   0.0104714  0.00633047  0.00376782  0.00220644  0.00127057 0.000718136 0.000398418 0.000216877 0.000115731 6.04642e-05 3.09151e-05 1.54598e-05 7.55772e-06 3.60873e-06 1.68145e-06 7.63884e-07  3.3796e-07  1.4543e-07  6.0801e-08 2.46555e-08 9.69242e-09  3.6858e-09 1.35367e-09 4.79765e-10 1.63724e-10 5.37595e-11 1.69684e-11 5.13224e-12  1.4853e-12 4.11193e-13 1.08656e-13 2.73631e-14 6.59498e-15 1.51004e-15 3.26803e-16 6.65273e-17 1.25942e-17 2.09059e-18 1.95972e-19
    2.26136      1.1911    0.676408    0.405735     0.25384    0.161968    0.104772   0.0674789   0.0431765   0.0273536   0.0170593   0.0104553  0.00630015  0.00373578  0.00217811  0.00124776 0.000701136 0.000386468 0.000208874  0.00011059 5.72863e-05 2.90195e-05 1.43668e-05 6.94739e-06  3.2786e-06 1.50843e-06 6.76014e-07 2.94761e-07 1.24877e-07 5.13466e-08 2.04573e-08 7.89442e-09 2.94399e-09 1.05901e-09 3.67119e-10  1.2239e-10 3.92169e-11 1.20677e-11 3.55439e-12 1.00026e-12 2.68791e-13   6.883e-14 1.67702e-14 3.91622e-15  8.6922e-16 1.82408e-16 3.59927e-17 6.60653e-18 1.07242e-18 1.00224e-19
    2.28771     1.20472    0.683992    0.409914    0.256171    0.163368    0.105615   0.0679455   0.0434031   0.0274474   0.0170841   0.0104448    0.006275  0.00370769  0.00215263  0.00122711 0.000685725 0.000375631 0.000201629 0.000105959 5.44366e-05 2.73276e-05 1.33983e-05 6.41134e-06 2.99176e-06 1.35992e-06  6.0152e-07 2.58602e-07 1.07911e-07  4.3657e-08 1.70947e-08 6.47555e-09 2.36817e-09 8.34603e-10 2.83162e-10 9.22692e-11 2.88554e-11 8.65453e-12 2.48168e-12 6.79426e-13 1.77527e-13 4.41511e-14 1.04323e-14 2.35475e-15 5.04867e-16 1.02353e-16 1.95733e-17 3.50884e-18 5.65639e-19 5.48303e-20
     2.3139     1.21846     0.69146    0.413826    0.258469    0.164672    0.106394   0.0684162   0.0436326   0.0275437   0.0171119   0.0104379  0.00625408  0.00368306  0.00212937  0.00120798 0.000671472 0.000365653 0.000194991 0.000101739 5.18589e-05 2.58089e-05 1.25352e-05 5.93771e-06 2.74066e-06 1.23129e-06 5.37817e-07 2.28108e-07  9.3811e-08 3.73637e-08 1.43881e-08 5.35262e-09 1.92011e-09 6.63019e-10 2.20208e-10 7.01742e-11 2.14336e-11 6.26804e-12 1.74966e-12 4.65785e-13 1.18312e-13 2.85849e-14 6.55739e-15  1.4335e-15 2.97491e-16 5.84268e-17 1.08715e-17 1.91839e-18 3.12593e-19 3.28061e-20
    2.33983     1.23326    0.698962     0.41761    0.260738    0.165979    0.107118   0.0688545   0.0438499   0.0276402   0.0171446    0.010435   0.0062367  0.00366165  0.00210883  0.00119088  0.00065864 0.000356642 0.000188993 9.79304e-05 4.95425e-05  2.4453e-05 1.17692e-05 5.51989e-06 2.52078e-06 1.11963e-06 4.83102e-07 2.02242e-07 8.20194e-08 3.21824e-08 1.21958e-08  4.4589e-09  1.5701e-09 5.31518e-10 1.72845e-10 5.38667e-11 1.60744e-11 4.58866e-12 1.24888e-12 3.23621e-13 7.98525e-14  1.8716e-14 4.16068e-15 8.82103e-16 1.77722e-16 3.39984e-17 6.21073e-18 1.09491e-18 1.84994e-19 2.17239e-20
    2.36517     1.24796    0.706277      0.4215    0.262882    0.167277     0.10785   0.0692665   0.0440533   0.0277295   0.0171742    0.010431  0.00621893  0.00364183  0.00209106  0.00117583 0.000647232  0.00034858 0.000183606  9.4512e-05 4.74695e-05 2.32456e-05 1.10916e-05 5.15313e-06 2.32934e-06 1.02328e-06  4.3634e-07 1.80367e-07 7.21674e-08 2.79136e-08 1.04177e-08 3.74627e-09 1.29591e-09 4.30438e-10 1.37181e-10 4.18508e-11 1.22086e-11 3.40249e-12 9.03094e-13 2.28003e-13 5.47596e-14   1.248e-14 2.69562e-15 5.55138e-16 1.08888e-16 2.03974e-17 3.69967e-18 6.65785e-19 1.20402e-19 1.63574e-20
     2.3908     1.26291     0.71351    0.425203    0.264924    0.168499     0.10855   0.0696946   0.0442681   0.0278208   0.0172023   0.0104271  0.00620173  0.00362276  0.00207444    0.001162 0.000636774 0.000341215 0.000178704 9.14086e-05 4.55937e-05 2.21572e-05 1.04843e-05 4.82685e-06 2.16069e-06 9.39281e-07 3.96055e-07 1.61762e-07 6.38941e-08 2.43744e-08 8.96384e-09 3.17374e-09 1.07977e-09 3.52301e-10 1.10154e-10 3.29348e-11 9.40269e-12 2.56052e-12 6.63145e-13 1.63193e-13 3.81859e-14  8.4761e-15 1.78378e-15 3.58349e-16 6.88539e-17 1.27585e-17 2.33502e-18 4.39393e-19 8.72852e-20 1.37762e-20
    2.41742     1.27857    0.720939    0.428827    0.266799    0.169657    0.109207   0.0701106   0.0444847   0.0279163    0.017238   0.0104305   0.0061903  0.00360682  0.00205898  0.00114919  0.00062713 0.000334452 0.000174223 8.85863e-05  4.3896e-05 2.11768e-05 9.94008e-06 4.53627e-06 2.01169e-06 8.65762e-07 3.61183e-07 1.45853e-07 5.69108e-08 2.14271e-08    7.77e-09 2.71032e-09 9.07642e-10 2.91225e-10 8.94537e-11 2.62465e-11 7.34274e-12 1.95658e-12 4.95332e-13 1.19036e-13 2.71717e-14 5.88152e-15  1.2079e-15 2.37779e-16 4.51142e-17 8.38108e-18 1.57924e-18 3.17849e-19  6.9919e-20  1.2394e-20
    2.44416     1.29353    0.728825    0.432469    0.268575    0.170713     0.10979   0.0705075   0.0446993   0.0280159   0.0172791   0.0104387  0.00618233  0.00359337  0.00204536  0.00113772 0.000618457 0.000328397 0.000170239 8.60903e-05 4.24004e-05 2.03152e-05 9.46383e-06 4.28342e-06 1.88262e-06 8.02411e-07  3.3133e-07 1.32342e-07 5.10401e-08 1.89788e-08 6.79078e-09 2.33499e-09 7.70141e-10  2.4317e-10 7.34431e-11  2.1171e-11 5.81271e-12 1.51826e-12 3.76417e-13 8.85241e-14 1.97662e-14 4.18714e-15 8.43118e-16 1.63447e-16 3.08719e-17  5.8273e-18 1.15144e-18 2.51013e-19 6.05305e-20 1.16011e-20
    2.47047     1.30768    0.737069    0.435932    0.270387    0.171598    0.110294   0.0708626   0.0448998   0.0281093   0.0173224   0.0104526  0.00617839   0.0035827  0.00203364  0.00112758  0.00061071 0.000322984 0.000166697 8.38795e-05 4.10799e-05 1.95559e-05 9.04551e-06 4.06243e-06 1.77047e-06 7.47739e-07 3.05736e-07 1.20843e-07 4.60887e-08 1.69364e-08 5.98376e-09 2.03006e-09  6.6009e-10 2.05289e-10 6.10201e-11 1.73007e-11 4.66871e-12  1.1975e-12 2.91334e-13 6.72014e-14 1.47208e-14 3.06377e-15 6.08207e-16 1.17009e-16 2.22385e-17 4.32414e-18 9.05877e-19 2.13068e-19 5.50384e-20 1.09914e-20
    2.49636     1.32197    0.745213    0.439809    0.272223    0.172443    0.110758   0.0711315   0.0450734    0.028191   0.0173644   0.0104702   0.0061784  0.00357489  0.00202385   0.0011187 0.000603819 0.000318111 0.000163479 8.18601e-05 3.98799e-05 1.88755e-05  8.6745e-06 3.86818e-06 1.67274e-06 7.00514e-07 2.83807e-07  1.1107e-07 4.19167e-08  1.5231e-08 5.31665e-09 1.78109e-09 5.71468e-10 1.75245e-10 5.13273e-11 1.43326e-11 3.80743e-12 9.60767e-13  2.2986e-13 5.21412e-14  1.1242e-14 2.30845e-15 4.54379e-16  8.7469e-17 1.69023e-17 3.41727e-18 7.59398e-19 1.90094e-19 5.14213e-20 1.04784e-20
    2.52094     1.33568    0.753213    0.444345    0.274178    0.173415    0.111179   0.0713512   0.0452193   0.0282655   0.0174013   0.0104843  0.00617809  0.00356725  0.00201445  0.00111107 0.000597725  0.00031374 0.000160578 8.00357e-05 3.87991e-05 1.82692e-05 8.34715e-06 3.69826e-06 1.58788e-06 6.59812e-07 2.65054e-07 1.02783e-07 3.84102e-08 1.38105e-08 4.76657e-09 1.57798e-09 5.00025e-10 1.51344e-10 4.37276e-11 1.20413e-11 3.15423e-12 7.84819e-13 1.85147e-13 4.14343e-14 8.82685e-15 1.79695e-15 3.52879e-16 6.84757e-17 1.35567e-17 2.86066e-18 6.70473e-19 1.75951e-19 4.90267e-20  1.0092e-20
    2.54449     1.34885    0.761339    0.449136    0.276268     0.17454    0.111611   0.0715831   0.0453336    0.028319   0.0174257   0.0104923  0.00617669  0.00356072  0.00200656  0.00110505 0.000592724 0.000310032 0.000158076 7.84612e-05 3.78621e-05 1.77395e-05 8.06075e-06 3.54981e-06 1.51403e-06 6.24568e-07 2.48925e-07 9.57119e-08 3.54435e-08 1.26197e-08 4.31006e-09 1.41131e-09 4.42107e-10 1.32234e-10 3.77459e-11 1.02671e-11 2.65678e-12 6.53176e-13  1.5233e-13 3.37363e-14 7.12756e-15 1.44499e-15 2.84594e-16 5.60119e-17 1.14136e-17 2.51163e-18 6.14862e-19 1.66554e-19 4.71628e-20 9.69383e-21
    2.56832      1.3618    0.769413    0.453856    0.278581    0.175838    0.112119   0.0718074   0.0454385   0.0283541   0.0174363   0.0104927  0.00617316  0.00355624  0.00200173   0.0011005 0.000588752 0.000306965 0.000155954 7.71057e-05 3.70478e-05 1.72757e-05 7.80982e-06 3.42014e-06 1.44986e-06 5.94122e-07 2.35096e-07 8.96994e-08  3.2942e-08 1.16239e-08 3.93182e-09 1.27461e-09 3.95133e-10 1.16936e-10 3.30303e-11  8.8911e-12 2.27718e-12 5.54318e-13 1.28102e-13 2.81554e-14 5.91877e-15 1.19942e-15 2.37838e-16 4.76366e-17  9.9943e-18 2.28115e-18 5.77117e-19 1.59587e-19 4.55788e-20 9.33271e-21
    2.59083     1.37388    0.776456    0.458391    0.280942    0.177273    0.112804   0.0720583   0.0455592   0.0283865   0.0174363   0.0104843   0.0061647  0.00355021  0.00199713  0.00109626 0.000585544 0.000304535 0.000154238 7.59802e-05 3.63591e-05  1.6878e-05 7.59324e-06 3.30805e-06 1.39454e-06 5.68014e-07 2.23323e-07 8.46233e-08 3.08471e-08 1.07963e-08 3.62001e-09 1.16304e-09 3.57216e-10 1.04736e-10 2.93205e-11  7.8246e-12 1.98759e-12 4.80131e-13 1.10234e-13  2.4116e-14 5.06149e-15 1.02905e-15 2.06141e-16 4.20319e-17 9.04542e-18 2.12193e-18 5.49186e-19 1.54118e-19 4.43067e-20 9.08012e-21
    2.61045     1.38576     0.78242    0.462691    0.283224    0.178684    0.113667   0.0724363   0.0457377   0.0284448   0.0174382   0.0104724  0.00615233  0.00354053  0.00199004  0.00109099 0.000582402 0.000302465  0.00015284 7.50666e-05 3.57957e-05 1.65478e-05 7.41055e-06 3.21233e-06 1.34711e-06 5.45632e-07 2.13276e-07 8.03227e-08 2.90876e-08 1.01076e-08 3.36297e-09 1.07209e-09 3.26673e-10 9.50279e-11 2.64047e-11 6.99767e-12 1.76653e-12 4.24484e-13 9.70798e-14  2.1201e-14 4.45567e-15 9.11425e-16  1.8483e-16  3.8329e-17  8.4198e-18 2.01321e-18 5.28738e-19 1.49909e-19  4.3321e-20 8.90357e-21
    2.62809      1.3974    0.788082    0.466552    0.285588    0.179989    0.114587   0.0728961   0.0460178   0.0285607   0.0174638   0.0104701  0.00614253   0.0035296  0.00198115  0.00108476 0.000578681 0.000300224 0.000151482 7.42399e-05 3.53117e-05 1.62754e-05 7.26042e-06 3.13299e-06 1.30749e-06  5.2685e-07 2.04829e-07 7.67109e-08  2.7616e-08 9.53521e-09   3.151e-09 9.97852e-10 3.02024e-10  8.7291e-11  2.4113e-11 6.35724e-12 1.59805e-12 3.82809e-13 8.74158e-14 1.90989e-14  4.0256e-15 8.29309e-16 1.70227e-16 3.58862e-17 8.02363e-18 1.94694e-18  5.1643e-19 1.47339e-19 4.27143e-20 8.80643e-21
    2.64393     1.40713    0.793579     0.47007    0.287818    0.181199    0.115476   0.0733758    0.046373   0.0287444   0.0175389   0.0104955  0.00614473  0.00352277  0.00197326  0.00107836 0.000574372 0.000297555 0.000149916 7.33503e-05 3.48302e-05 1.60297e-05 7.13311e-06 3.06781e-06 1.27534e-06 5.11711e-07 1.98008e-07 7.37844e-08 2.64229e-08 9.07173e-09 2.97986e-09 9.38058e-10 2.82255e-10 8.11336e-11 2.23103e-11 5.85975e-12 1.46884e-12 3.51244e-13 8.01903e-14 1.75533e-14 3.71659e-15  7.7195e-16 1.60393e-16 3.43217e-17 7.78693e-18 1.91055e-18 5.10148e-19 1.46089e-19 4.24223e-20 8.76174e-21
     2.6573     1.41432    0.798739    0.473146    0.289682    0.182276    0.116266   0.0738907   0.0467294   0.0289612   0.0176625   0.0105558  0.00616673  0.00352797  0.00197247  0.00107482 0.000570915 0.000295038 0.000148307 7.24169e-05 3.43206e-05 1.57705e-05  7.0045e-06  3.0054e-06 1.24606e-06 4.98516e-07 1.92255e-07 7.13783e-08 2.54643e-08 8.70772e-09 2.84841e-09 8.92198e-10 2.67121e-10 7.64414e-11 2.09465e-11  5.4864e-12 1.37194e-12 3.27398e-13 7.46816e-14 1.63817e-14  3.4908e-15  7.3217e-16 1.54088e-16 3.33656e-17 7.64711e-18 1.88839e-18 5.05924e-19 1.45157e-19 4.21559e-20 8.67683e-21
    2.66751     1.41995    0.802865    0.475396    0.291155    0.183191    0.116916    0.074353   0.0470509   0.0291694   0.0177974   0.0106352  0.00620668  0.00354764  0.00198216  0.00107801  0.00057096 0.000294147 0.000147376 7.17083e-05 3.38683e-05 1.55123e-05 6.87147e-06  2.9407e-06  1.2164e-06 4.85553e-07 1.86812e-07 6.91893e-08 2.46233e-08  8.3993e-09 2.74118e-09 8.56073e-10 2.55545e-10 7.29607e-11 1.99678e-11 5.22805e-12 1.30642e-12 3.11349e-13  7.0995e-14 1.56086e-14 3.34685e-15 7.08287e-16 1.50684e-16 3.29091e-17 7.58783e-18 1.87854e-18 5.03606e-19 1.44504e-19 4.18827e-20 8.55444e-21
    2.67277     1.42388    0.805097    0.476835    0.292119    0.183771    0.117405   0.0747132   0.0473016   0.0293455   0.0179088    0.010709  0.00625168  0.00357268  0.00199618  0.00108594  0.00057443 0.000295387 0.000147668 7.16341e-05 3.37205e-05 1.53887e-05 6.79303e-06 2.89673e-06 1.19338e-06 4.74456e-07 1.81839e-07 6.70982e-08 2.38073e-08 8.10299e-09 2.63905e-09 8.22937e-10 2.45336e-10 6.99956e-11 1.91523e-11 5.01704e-12 1.25514e-12 2.99646e-13 6.85325e-14 1.51324e-14 3.26257e-15 6.95406e-16 1.49169e-16  3.2883e-17 7.63793e-18 1.89968e-18 5.10143e-19  1.4625e-19 4.22861e-20 8.64905e-21
    2.67542     1.42441    0.804965    0.477424    0.292478    0.184015    0.117664    0.074954   0.0474447   0.0294565   0.0179793   0.0107599  0.00628705  0.00359315   0.0020082  0.00109307 0.000578105 0.000297172 0.000148507 7.20345e-05 3.38821e-05 1.54372e-05 6.80022e-06 2.89263e-06 1.18762e-06 4.70466e-07  1.7964e-07 6.60412e-08 2.33595e-08 7.93242e-09 2.57839e-09 8.01823e-10  2.3843e-10 6.76982e-11 1.83835e-11 4.78801e-12 1.19629e-12 2.86413e-13 6.58051e-14 1.46125e-14   3.169e-15   6.803e-16 1.47124e-16 3.27946e-17 7.69705e-18 1.93075e-18 5.21047e-19 1.49387e-19 4.31109e-20 8.83858e-21
    2.68637     1.42481     0.80219    0.476637     0.29213    0.183859    0.117615   0.0749632   0.0474541   0.0294785    0.018001   0.0107806  0.00630299  0.00360318  0.00201464  0.00109609 0.000580077 0.000298245 0.000149016 7.22976e-05 3.40106e-05 1.54952e-05 6.82741e-06 2.90536e-06 1.19253e-06 4.72139e-07 1.80054e-07 6.60861e-08 2.33452e-08 7.92278e-09 2.57525e-09 7.99822e-10  2.3757e-10 6.72586e-11 1.81665e-11 4.71288e-12 1.17718e-12 2.82871e-13 6.53903e-14 1.46333e-14 3.20103e-15 6.93653e-16 1.51454e-16 3.40611e-17 8.04997e-18 2.02758e-18 5.44488e-19 1.54079e-19 4.39475e-20 8.89723e-21
    2.70872     1.43195    0.801764    0.475727    0.291249    0.183123    0.117118   0.0746501   0.0472901   0.0293899   0.0179537   0.0107578  0.00629092  0.00359652  0.00201101  0.00109372 0.000579213 0.000297856 0.000148761  7.2145e-05 3.39274e-05 1.54543e-05   6.812e-06 2.90128e-06 1.19107e-06 4.71495e-07 1.79746e-07 6.59415e-08 2.32874e-08 7.90557e-09 2.57245e-09 8.00323e-10 2.38211e-10 6.76785e-11  1.8367e-11 4.78681e-12 1.20113e-12 2.90211e-13 6.75931e-14 1.52615e-14 3.37013e-15 7.37098e-16 1.62267e-16 3.66847e-17 8.68619e-18 2.18461e-18 5.81882e-19 1.62451e-19 4.58235e-20 9.28475e-21
    2.73588     1.44601    0.807219    0.477308    0.291341    0.182774    0.116724    0.074348   0.0471024    0.029267   0.0178733   0.0107072  0.00625954  0.00357703  0.00199911  0.00108686 0.000575313 0.000295675 0.000147563 7.15265e-05 3.36169e-05  1.5302e-05 6.74125e-06 2.87015e-06 1.17772e-06 4.65943e-07 1.77571e-07 6.51385e-08 2.29963e-08 7.80119e-09 2.53764e-09 7.89747e-10 2.35209e-10  6.6927e-11 1.82054e-11 4.75588e-12 1.19638e-12 2.89995e-13  6.7843e-14 1.53987e-14 3.41883e-15 7.51574e-16 1.66175e-16 3.76745e-17 8.92703e-18  2.2423e-18 5.96776e-19 1.66602e-19 4.69388e-20  9.4843e-21
    2.76481     1.46325    0.815963    0.481623    0.293383    0.183675    0.117102    0.074502   0.0471587   0.0292836   0.0178725   0.0107003  0.00625212  0.00357068  0.00199423  0.00108356 0.000573194 0.000294406 0.000146837 7.11268e-05 3.34068e-05 1.51965e-05 6.69022e-06 2.84657e-06 1.16743e-06 4.61641e-07 1.75841e-07 6.44746e-08 2.27512e-08 7.71469e-09  2.5093e-09 7.81019e-10 2.32693e-10 6.62729e-11 1.80509e-11 4.72152e-12 1.18929e-12  2.8876e-13 6.77178e-14 1.54167e-14 3.43387e-15 7.57095e-16 1.67788e-16 3.80855e-17 9.02203e-18 2.26257e-18  6.0134e-19 1.67693e-19  4.7126e-20 9.41737e-21
    2.79435      1.4819    0.826197     0.48738     0.29668    0.185538    0.118161   0.0751175   0.0475179    0.029497    0.017996   0.0107704  0.00629142  0.00359195  0.00200531  0.00108927 0.000576023 0.000295772 0.000147469 7.14035e-05 3.35232e-05 1.52433e-05 6.70786e-06 2.85286e-06 1.16956e-06 4.62292e-07 1.76009e-07 6.45091e-08 2.27541e-08 7.71323e-09 2.50883e-09  7.8114e-10  2.3286e-10 6.63935e-11 1.81107e-11 4.74401e-12  1.1968e-12 2.91142e-13 6.84464e-14 1.56288e-14 3.49181e-15 7.71917e-16 1.71404e-16 3.89314e-17 9.21403e-18 2.30566e-18 6.11474e-19 1.70202e-19 4.77061e-20 9.48309e-21
    2.82405      1.5013    0.837129    0.493781    0.300566    0.187907    0.119614   0.0760171   0.0480678   0.0298327   0.0181947   0.0108849  0.00635584   0.0036267  0.00202323   0.0010982 0.000580219 0.000297663 0.000148273  7.1725e-05 3.36441e-05 1.52857e-05 6.72127e-06 2.85649e-06 1.17034e-06 4.62312e-07  1.7591e-07 6.44366e-08 2.27172e-08 7.69817e-09 2.50373e-09  7.7981e-10 2.32596e-10 6.63845e-11 1.81331e-11 4.75658e-12 1.20173e-12 2.92852e-13 6.90013e-14 1.57952e-14 3.53791e-15 7.83838e-16 1.74336e-16 3.96208e-17 9.37096e-18 2.34095e-18 6.19707e-19 1.72199e-19 4.81512e-20 9.52304e-21
    2.85362     1.52117    0.848455    0.500492    0.304708    0.190483    0.121224   0.0770183   0.0486691   0.0301841   0.0183897   0.0109886  0.00640894  0.00365243  0.00203486  0.00110309 0.000582031 0.000298218 0.000148364 7.16911e-05 3.35955e-05 1.52514e-05  6.7021e-06 2.84699e-06 1.16623e-06 4.60659e-07  1.7529e-07 6.42205e-08 2.26468e-08 7.67738e-09 2.49864e-09 7.78913e-10   2.326e-10 6.64855e-11 1.81923e-11 4.78096e-12 1.21006e-12 2.95439e-13 6.97684e-14 1.60092e-14 3.59379e-15 7.97735e-16  1.7767e-16 4.03889e-17 9.54443e-18 2.38014e-18 6.28862e-19 1.74406e-19  4.8657e-20 9.59712e-21
     2.8828     1.54133    0.860037    0.507368    0.308939    0.193093    0.122804   0.0779435   0.0491703   0.0304378   0.0185068   0.0110378  0.00642743  0.00365791  0.00203547  0.00110237 0.000581236 0.000297645 0.000148011 7.14995e-05 3.34987e-05  1.5206e-05 6.68197e-06 2.83863e-06 1.16302e-06 4.59508e-07 1.74902e-07  6.4102e-08 2.26142e-08 7.67006e-09 2.49803e-09 7.79373e-10 2.32984e-10 6.66841e-11 1.82746e-11  4.8104e-12 1.21948e-12 2.98255e-13 7.05749e-14 1.62288e-14 3.65037e-15 8.11714e-16 1.81018e-16 4.11627e-17  9.7211e-18 2.42089e-18 6.38574e-19 1.76791e-19 4.92318e-20 9.71575e-21
    2.91136     1.56169    0.871774    0.514257    0.313038    0.195484    0.124126   0.0786247   0.0494732   0.0305494   0.0185342   0.0110357  0.00641902   0.0036506   0.0020306   0.0010996 0.000579812 0.000296962 0.000147704 7.13632e-05 3.34409e-05 1.51821e-05 6.67208e-06 2.83467e-06  1.1615e-06 4.58954e-07 1.74714e-07  6.4044e-08 2.25991e-08 7.66763e-09 2.49851e-09 7.80087e-10 2.33407e-10 6.68806e-11  1.8353e-11 4.83793e-12 1.22821e-12 3.00843e-13 7.13104e-14 1.64273e-14  3.7012e-15 8.24241e-16 1.84019e-16 4.18585e-17 9.88138e-18  2.4584e-18 6.47642e-19 1.79049e-19 4.97946e-20 9.86412e-21
      2.939      1.5821    0.883124    0.520547    0.316486    0.197303    0.125018   0.0790201   0.0496103   0.0305725   0.0185176   0.0110133  0.00640218  0.00364055  0.00202542  0.00109728 0.000578863 0.000296609 0.000147586 7.13175e-05 3.34231e-05  1.5174e-05 6.66815e-06 2.83277e-06 1.16068e-06 4.58613e-07 1.74589e-07 6.40036e-08 2.25882e-08 7.66591e-09 2.49889e-09 7.80631e-10 2.33727e-10 6.70294e-11 1.84129e-11 4.85911e-12 1.23497e-12 3.02862e-13 7.18857e-14 1.65826e-14 3.74103e-15 8.34081e-16 1.86385e-16  4.2409e-17 1.00092e-17 2.48863e-18 6.55027e-19 1.80905e-19  5.0269e-20  1.0043e-20
     2.9651      1.6024    0.893526    0.525814    0.319112     0.19856    0.125576   0.0792374   0.0496667   0.0305642   0.0184916   0.0109897  0.00638667  0.00363221  0.00202166  0.00109591 0.000578454 0.000296525 0.000147589 7.13198e-05 3.34227e-05 1.51717e-05 6.66616e-06 2.83153e-06  1.1601e-06 4.58368e-07   1.745e-07 6.39759e-08  2.2581e-08 7.66487e-09  2.4992e-09 7.81001e-10 2.33937e-10 6.71258e-11 1.84517e-11 4.87287e-12  1.2394e-12 3.04196e-13 7.22677e-14 1.66861e-14 3.76759e-15 8.40656e-16 1.87969e-16 4.27776e-17 1.00947e-17 2.50892e-18 6.59974e-19  1.8214e-19 5.05864e-20 1.03548e-20