  0.0319444 5.76354e-18   9.386e-26 1.51878e-25 2.54726e-25 4.70728e-25 1.00646e-24 2.52063e-24 7.36443e-24 2.57072e-23 1.10938e-22 6.11798e-22 4.32982e-21 3.70848e-20 3.40393e-19 2.89118e-18 2.05366e-17 1.43176e-16 7.65087e-13 1.26078e-12 8.76089e-13 5.25277e-13 2.90589e-13 1.44541e-13 6.49098e-14 2.76212e-14 1.10209e-14 4.25367e-15 1.59916e-15 5.85901e-16 2.13867e-16 7.66205e-17 2.74444e-17 9.79335e-18 3.48122e-18 1.23772e-18 4.39645e-19 1.56064e-19 5.54264e-20 1.96869e-20 6.99296e-21 2.48537e-21 8.83795e-22 3.14397e-22 1.11902e-22   3.985e-23 1.42001e-23 5.06321e-24 1.80616e-24 6.56695e-25
  0.0918202   0.0292639   0.0147781  0.00770417  0.00409074  0.00223085  0.00124438 0.000680336 0.000339812  0.00014456 4.81919e-05 1.19835e-05 2.30109e-06 3.83129e-07 6.43678e-08 1.25391e-08 2.97756e-09 8.19928e-10 2.57127e-10 8.61251e-11 2.95518e-11 1.02366e-11 3.54562e-12  1.2245e-12 4.21117e-13 1.44503e-13 4.96805e-14 1.71313e-14 5.93194e-15 2.06545e-15 7.20685e-16 2.52681e-16 8.87418e-17 3.12183e-17 1.10028e-17 3.88211e-18 1.37141e-18  4.8495e-19 1.71609e-19 6.07806e-20 2.15465e-20 7.64408e-21  2.7138e-21 9.64123e-22 3.42744e-22 1.21921e-22 4.33932e-23 1.54515e-23 5.50479e-24 1.96772e-24
   0.143924   0.0549214   0.0277719   0.0145015  0.00770551  0.00419724  0.00233689  0.00127675 0.000639936 0.000275135 9.39688e-05  2.4497e-05 5.07539e-06 9.28603e-07 1.68537e-07 3.33058e-08 7.44715e-09 1.82046e-09 5.08004e-10 1.57306e-10 5.17701e-11 1.75563e-11 6.00127e-12 2.05418e-12 7.02334e-13 2.40205e-13 8.24719e-14 2.84239e-14 9.84417e-15 3.42851e-15 1.19676e-15 4.19746e-16 1.47474e-16 5.18988e-17 1.82972e-17 6.45771e-18  2.2817e-18 8.07035e-19 2.85685e-19 1.01216e-19 3.58895e-20 1.27348e-20 4.52187e-21 1.60674e-21 5.71258e-22 2.03229e-22 7.23402e-23 2.57617e-23  9.1786e-24 3.28281e-24
   0.190394   0.0779556   0.0394837   0.0206577   0.0109886  0.00598059   0.0033252  0.00181705 0.000916029 0.000400085 0.000141475 3.93603e-05 9.00612e-06 1.85712e-06 3.76221e-07 7.95418e-08 1.78953e-08 4.05697e-09 9.83064e-10  2.6176e-10 7.73152e-11 2.48334e-11 8.33576e-12 2.84818e-12 9.76761e-13 3.35366e-13  1.1539e-13 3.98013e-14 1.37867e-14 4.79968e-15 1.67473e-15 5.87269e-16 2.06326e-16   7.261e-17 2.56018e-17 9.03709e-18  3.1935e-18  1.1297e-18 3.99968e-19 1.41724e-19 5.02592e-20  1.7836e-20 6.33395e-21 2.25088e-21 8.00381e-22 2.84778e-22 1.01381e-22 3.61087e-23 1.28669e-23 4.60478e-24
   0.232706   0.0990389   0.0502586    0.026355   0.0140401   0.0076381  0.00424251  0.00232044  0.00117873 0.000524971 0.000193499 5.79554e-05 1.47451e-05  3.4399e-06 7.85805e-07 1.83636e-07 4.43736e-08 1.03481e-08 2.39798e-09 5.59814e-10 1.37571e-10 3.75481e-11 1.14193e-11 3.73677e-12 1.26562e-12  4.3399e-13 1.49398e-13 5.15241e-14 1.78307e-14 6.19731e-15 2.15898e-15 7.56323e-16 2.65554e-16 9.34126e-17 3.29338e-17 1.16253e-17 4.10837e-18 1.45353e-18 5.14699e-19 1.82405e-19 6.46956e-20  2.2963e-20 8.15592e-21  2.8988e-21 1.03095e-21 3.66878e-22 1.30633e-22 4.65366e-23 1.65861e-23 5.93917e-24
    0.27192    0.118653    0.060344   0.0317242   0.0169335  0.00921268  0.00511351  0.00280113  0.00143565 0.000653612 0.000251996 8.14315e-05  2.2982e-05  6.0296e-06  1.5486e-06 4.03453e-07 1.07659e-07 2.75497e-08 6.82802e-09 1.61514e-09 3.66269e-10 8.37212e-11 2.05404e-11 5.59606e-12 1.70379e-12 5.54827e-13 1.87276e-13 6.41075e-14 2.21027e-14 7.65512e-15 2.65862e-15 9.29192e-16 3.25715e-16 1.14438e-16 4.03276e-17 1.42318e-17 5.02905e-18 1.77946e-18 6.30212e-19 2.23379e-19 7.92448e-20 2.81335e-20 9.99443e-21 3.55302e-21 1.26394e-21 4.49895e-22 1.60232e-22 5.70977e-23 2.03566e-23 7.29073e-24
   0.308835    0.137154    0.069925   0.0368656   0.0197253   0.0107375  0.00595771  0.00327012  0.00169245 0.000788708 0.000318377 0.000110796 3.44586e-05 1.00708e-05 2.88312e-06 8.33948e-07 2.46379e-07 7.03437e-08 1.94747e-08 5.11765e-09 1.25276e-09 2.89104e-10 6.49171e-11 1.46248e-11 3.51062e-12 9.10258e-13 2.64102e-13 8.31324e-14  2.7516e-14 9.33943e-15 3.20739e-15 1.11344e-15 3.88528e-16 1.36083e-16 4.78803e-17 1.68802e-17 5.96162e-18 2.10934e-18 7.47105e-19 2.64848e-19 9.39806e-20 3.33752e-20 1.18598e-20 4.21745e-21 1.50083e-21 5.34392e-22  1.9039e-22 6.78714e-23 2.42083e-23 8.66506e-24
    0.34407    0.154818    0.079146   0.0418593   0.0224612   0.0122398  0.00679145  0.00373652  0.00195364 0.000932246 0.000393684 0.000146939 4.99542e-05  1.6097e-05  5.0851e-06 1.61884e-06 5.25765e-07 1.66705e-07 5.16721e-08 1.53712e-08 4.28256e-09 1.11716e-09 2.75305e-10 6.46785e-11 1.50214e-11 3.33111e-12 7.60002e-13 1.83131e-13  4.8089e-14 1.38658e-14 4.26855e-15  1.3973e-15 4.70331e-16  1.6147e-16 5.62324e-17 1.97006e-17 6.93418e-18 2.44999e-18 8.67107e-19 3.07286e-19 1.09054e-19 3.87396e-20   1.377e-20 4.89862e-21 1.74407e-21 6.21284e-22 2.21446e-22  7.8984e-23 2.81884e-23 1.00714e-23
   0.378116    0.171867   0.0881199   0.0467681    0.025179   0.0137433  0.00762897  0.00420827  0.00222295  0.00108579 0.000478679 0.000190614 7.02437e-05 2.47134e-05 8.53143e-06 2.96111e-06  1.0471e-06 3.64762e-07 1.25262e-07 4.18393e-08 1.32575e-08 3.97401e-09 1.12778e-09 3.03027e-10 8.00695e-11 1.96211e-11 4.70307e-12 1.10313e-12 2.57102e-13 6.11459e-14 1.45142e-14 3.70451e-15 9.77689e-16 2.75492e-16 8.36181e-17 2.64747e-17 8.76124e-18 2.98699e-18 1.03197e-18 3.60538e-19 1.27019e-19 4.48999e-20 1.59045e-20 5.65075e-21 2.01066e-21 7.15964e-22 2.55179e-22   9.106e-23  3.2481e-23 1.17264e-23
   0.411366    0.188479   0.0969414   0.0516445   0.0279104   0.0152691  0.00848273  0.00469251  0.00250402  0.00125072  0.00057396 0.000242448 9.60665e-05 3.65724e-05 1.36746e-05 5.12977e-06 1.95666e-06 7.40368e-07 2.78057e-07 1.02805e-07 3.65282e-08 1.24362e-08  4.0424e-09 1.25084e-09 3.80525e-10 1.08308e-10 3.01318e-11 8.16508e-12 2.17584e-12 5.80626e-13  1.4978e-13 3.94453e-14 1.00964e-14 2.56778e-15 6.62581e-16 1.68699e-16 4.43787e-17 1.21829e-17 3.37706e-18 9.80975e-19  3.0274e-19 9.49375e-20 3.02718e-20 1.02166e-20 3.48527e-21 1.19417e-21   4.157e-22 1.48096e-22  4.9721e-23 3.38787e-23
   0.444147    0.204805     0.10569   0.0565344   0.0306835   0.0168354  0.00936516  0.00519696  0.00280074  0.00142881 0.000680106 0.000302931 0.000128081 5.23356e-05  2.1028e-05 8.46016e-06 3.45231e-06 1.40441e-06 5.69942e-07 2.29882e-07 9.01224e-08 3.42589e-08 1.25527e-08 4.41618e-09 1.52328e-09 4.98107e-10 1.59637e-10 4.99827e-11 1.54683e-11 4.81075e-12 1.45776e-12 4.50966e-13 1.36384e-13 4.07582e-14 1.21146e-14 3.52786e-15 1.02853e-15 3.01425e-16 8.70269e-17 2.55963e-17  7.8429e-18 2.39549e-18 7.31975e-19 2.44366e-19 8.24117e-20  2.7808e-20 9.72334e-21 3.60005e-21 1.13856e-21  1.5344e-21
   0.476727    0.220975    0.114434   0.0614783   0.0335234   0.0184592   0.0102885  0.00572926  0.00311717   0.0016218 0.000797978 0.000372469  0.00016685 7.26354e-05 3.11416e-05 1.33491e-05 5.78662e-06 2.50877e-06 1.08897e-06 4.72918e-07   2.015e-07 8.40982e-08 3.41447e-08  1.3431e-08 5.17064e-09 1.90919e-09 6.92029e-10 2.45546e-10 8.63355e-11 3.05083e-11 1.05709e-11 3.76583e-12 1.32254e-12 4.61616e-13 1.60794e-13  5.5318e-14 1.88862e-14 6.39275e-15  2.1382e-15 7.17536e-16 2.43976e-16 8.24927e-17 2.78409e-17 9.99115e-18 3.60293e-18 1.29962e-18 4.83256e-19 1.87955e-19 6.48844e-20 7.67926e-20
   0.509327    0.237097    0.123232   0.0665108   0.0364519   0.0201569   0.0112647  0.00629689  0.00345749  0.00183176 0.000928496  0.00045169 0.000212852 9.80596e-05 4.45759e-05 2.02387e-05 9.26541e-06 4.24999e-06 1.95614e-06 9.04684e-07  4.1353e-07 1.86646e-07 8.26319e-08 3.57333e-08 1.51233e-08 6.20484e-09  2.5017e-09 9.89223e-10 3.87595e-10 1.52059e-10 5.87095e-11 2.33301e-11 9.18525e-12 3.61708e-12 1.43556e-12 5.66411e-13 2.22385e-13 8.67017e-14  3.3579e-14 1.29379e-14 4.95592e-15 1.88782e-15 7.17487e-16 2.79466e-16 1.08936e-16 4.24346e-17 1.68639e-17 6.90103e-18 2.59293e-18  2.6728e-18
   0.542137    0.253269    0.132138   0.0716612   0.0394888   0.0219437   0.0123055  0.00690812  0.00382666  0.00206119  0.00107283 0.000541235 0.000266625 0.000129121 6.18735e-05 2.95961e-05 1.42397e-05 6.86934e-06 3.32905e-06 1.62493e-06   7.882e-07 3.79767e-07 1.80724e-07 8.45345e-08 3.88058e-08 1.74214e-08 7.69624e-09 3.34258e-09 1.43764e-09  6.1652e-10 2.60886e-10 1.12866e-10  4.8469e-11 2.08799e-11 9.11347e-12 3.96776e-12 1.73161e-12 7.57316e-13 3.30594e-13 1.43788e-13 6.21299e-14 2.67653e-14 1.15215e-14  4.9472e-15 2.11952e-15 9.07899e-16 3.91301e-16 1.69798e-16 6.95044e-17 6.36606e-17
   0.575308    0.269586    0.141195   0.0769576   0.0426537   0.0238344   0.0134229  0.00757184  0.00423035  0.00231333  0.00123261 0.000641901 0.000328716 0.000166348 8.35355e-05 4.18931e-05 2.10916e-05 1.06477e-05 5.40252e-06 2.76293e-06 1.40957e-06 7.17253e-07 3.62309e-07 1.80764e-07 8.89653e-08 4.30644e-08 2.05544e-08 9.67105e-09 4.50591e-09 2.08761e-09 9.56583e-10 4.44158e-10 2.04864e-10 9.47268e-11 4.42996e-11 2.06749e-11 9.70829e-12 4.59382e-12  2.1747e-12 1.03106e-12 4.89916e-13 2.32957e-13 1.10903e-13 5.26395e-14 2.49461e-14  1.1838e-14 5.59955e-15  2.6231e-15 1.18708e-15  9.6859e-16
   0.608972    0.286122    0.150443   0.0824257   0.0459647   0.0258429   0.0146291  0.00829762  0.00467507  0.00259228  0.00141012 0.000754851 0.000399765 0.000210234  0.00011006 5.75967e-05 3.02228e-05 1.58987e-05  8.4055e-06 4.47824e-06 2.38582e-06 1.27107e-06 6.74806e-07 3.55264e-07 1.85288e-07 9.54488e-08 4.85972e-08 2.44547e-08 1.21907e-08 6.03556e-09 2.96106e-09 1.46141e-09 7.16998e-10 3.52039e-10 1.74104e-10 8.58979e-11 4.25944e-11 2.12656e-11 1.06199e-11 5.32362e-12 2.68802e-12 1.36105e-12 6.90326e-13 3.52066e-13 1.79982e-13 9.21931e-14 4.71222e-14 2.38739e-14 1.19084e-14 8.24282e-15
   0.643241    0.302944    0.159919   0.0880896   0.0494388   0.0279826   0.0159358  0.00909551  0.00516851  0.00290318  0.00160849 0.000881807 0.000480681 0.000261343 0.000141917 7.71534e-05 4.20404e-05 2.29618e-05 1.26002e-05 6.96153e-06 3.85128e-06  2.1338e-06 1.18108e-06 6.50225e-07 3.55765e-07 1.92852e-07 1.03568e-07 5.50977e-08 2.90583e-08 1.52177e-08 7.90756e-09   4.113e-09 2.12836e-09 1.10039e-09 5.70881e-10 2.95398e-10 1.53313e-10 7.99067e-11  4.1625e-11  2.1749e-11 1.14388e-11 6.03233e-12 3.18503e-12 1.69435e-12  9.0504e-13 4.83975e-13 2.58774e-13 1.37783e-13 7.25126e-14 4.16808e-14
     0.6782    0.320114    0.169655   0.0939706   0.0530922    0.030267   0.0173547  0.00997561  0.00571916  0.00325227  0.00183191  0.00102529 0.000572862 0.000320454 0.000179626    0.000101 5.69424e-05 3.21858e-05 1.82725e-05 1.04317e-05 5.96668e-06 3.41977e-06 1.96081e-06 1.12045e-06 6.37743e-07 3.60437e-07 2.02215e-07 1.12579e-07 6.21898e-08 3.41321e-08 1.86051e-08  1.0119e-08 5.47894e-09 2.96005e-09     1.6e-09 8.62507e-10 4.65457e-10 2.51682e-10 1.35963e-10 7.35841e-11 4.00005e-11 2.17815e-11   1.187e-11 6.51139e-12 3.58418e-12 1.97281e-12 1.08391e-12 5.91677e-13 3.15881e-13 1.54845e-13
   0.713913    0.337686    0.179683    0.100089   0.0569402   0.0327092   0.0188967   0.0109478  0.00633574  0.00364676  0.00208579  0.00118894 0.000678487 0.000388793 0.000223895 0.000129621 7.53305e-05 4.39211e-05 2.57202e-05 1.51301e-05 8.91817e-06 5.26683e-06 3.11296e-06 1.83558e-06 1.07949e-06 6.31257e-07 3.66977e-07 2.11971e-07 1.21597e-07 6.93501e-08 3.93035e-08 2.21961e-08 1.24845e-08 6.99966e-09  3.9186e-09 2.18814e-09   1.221e-09 6.81178e-10 3.79529e-10 2.11701e-10 1.18449e-10 6.63447e-11 3.71762e-11 2.09353e-11 1.18189e-11 6.66531e-12 3.74131e-12 2.07359e-12 1.10489e-12 4.77182e-13
   0.750425    0.355705     0.19003    0.106463   0.0609958   0.0353202   0.0205722   0.0120214  0.00702689   0.0040944  0.00237651  0.00137757 0.000800811 0.000468358 0.000275886 0.000163707 9.76805e-05 5.85397e-05 3.52509e-05 2.13121e-05 1.29119e-05 7.83526e-06 4.75752e-06 2.88321e-06 1.74312e-06 1.04867e-06 6.27602e-07 3.73386e-07 2.20776e-07 1.29875e-07 7.59426e-08 4.42331e-08 2.56682e-08 1.48388e-08 8.55396e-09 4.91822e-09 2.82332e-09 1.61883e-09 9.26928e-10 5.30874e-10 3.04546e-10 1.74853e-10 1.00425e-10 5.78366e-11 3.33405e-11 1.91837e-11 1.09657e-11 6.15644e-12 3.26864e-12 1.29252e-12
   0.787768    0.374215    0.200713    0.113102    0.065268    0.038107   0.0223881   0.0132032  0.00779942  0.00460187   0.0027102  0.00159643 0.000943879 0.000561921 0.000337336 0.000204275 0.000124596 7.64331e-05 4.71478e-05 2.92043e-05 1.81339e-05 1.12776e-05 7.01568e-06 4.35696e-06 2.69842e-06 1.66341e-06 1.02008e-06 6.21896e-07 3.76882e-07 2.27239e-07 1.36218e-07  8.1294e-08 4.83287e-08 2.86206e-08 1.68992e-08 9.95209e-09 5.84834e-09 3.43124e-09 2.01084e-09 1.17798e-09 6.90275e-10 4.04677e-10 2.37328e-10 1.39461e-10 8.19485e-11 4.80307e-11 2.79199e-11 1.58721e-11 8.42775e-12  3.1694e-12
   0.825953    0.393247    0.211747     0.12001    0.069758   0.0410696    0.024345   0.0144944  0.00865477  0.00517141  0.00308986  0.00184883  0.00111082 0.000672005  0.00040999  0.00025238 0.000156618 9.78391e-05 6.14926e-05 3.88321e-05 2.45926e-05 1.56023e-05 9.90172e-06 6.27477e-06 3.96437e-06 2.49317e-06 1.55914e-06 9.69054e-07 5.98606e-07 3.67716e-07 2.24566e-07 1.36464e-07 8.25833e-08 4.97724e-08 2.99012e-08 1.79191e-08 1.07127e-08 6.39122e-09 3.80873e-09 2.26991e-09 1.35389e-09 8.08031e-10 4.82312e-10 2.88078e-10 1.71975e-10 1.02345e-10 6.03059e-11 3.45867e-11 1.82907e-11 6.48077e-12
   0.864972    0.412826     0.22315    0.127196   0.0744682   0.0442095   0.0264421   0.0158937  0.00959125  0.00580145  0.00351458  0.00213473   0.0013024 0.000799783 0.000495006 0.000308908 0.000194265 0.000122978 7.83135e-05  5.0111e-05 3.21581e-05 2.06734e-05 1.32942e-05  8.5368e-06 5.46371e-06 3.47998e-06 2.20318e-06 1.38557e-06 8.65704e-07 5.37736e-07 3.31965e-07 2.03779e-07 1.24569e-07 7.58076e-08 4.59584e-08 2.77946e-08 1.67757e-08 1.01101e-08 6.08831e-09 3.66804e-09 2.21336e-09 1.33728e-09 8.08289e-10 4.87847e-10 2.93792e-10  1.7622e-10 1.04535e-10  6.0076e-11 3.13256e-11 1.02502e-11
   0.904805    0.432976    0.234935     0.13467    0.079405   0.0475324   0.0286838    0.017405   0.0106113  0.00649309  0.00398462   0.0024541  0.00151884 0.000945952 0.000593451 0.000375081 0.000238702 0.000152816 9.83441e-05 6.35394e-05 4.11506e-05 2.66838e-05 1.72992e-05 1.11951e-05 7.21834e-06 4.62875e-06 2.94918e-06 1.86514e-06 1.17098e-06 7.30426e-07 4.52477e-07 2.78721e-07 1.70959e-07  1.0437e-07 6.35058e-08 3.85665e-08 2.33802e-08 1.41693e-08 8.58974e-09 5.20972e-09 3.16435e-09 1.92488e-09 1.17176e-09 7.12192e-10 4.31523e-10 2.60237e-10 1.55078e-10 8.92894e-11 4.62572e-11 1.47486e-11
   0.945417    0.453712    0.247109    0.142436    0.084571   0.0510402   0.0310747   0.0190329   0.0117198  0.00725006  0.00450253  0.00280829  0.00176077  0.00111084 0.000705561 0.000451128 0.000290184  0.00018761 0.000121811 7.93354e-05 5.17748e-05 3.38147e-05 2.20644e-05 1.43632e-05 9.30953e-06 5.99691e-06 3.83637e-06 2.43376e-06 1.53131e-06  9.5621e-07 5.92274e-07 3.64614e-07 2.23503e-07 1.36367e-07 8.29874e-08 5.04395e-08  3.0627e-08 1.86157e-08 1.13263e-08 6.89071e-09 4.19538e-09 2.55755e-09 1.55926e-09 9.49379e-10 5.76513e-10 3.48348e-10 2.07912e-10 1.19752e-10 6.17594e-11 1.93244e-11
   0.986766    0.475032    0.259676    0.150493   0.0899644    0.054731   0.0336128   0.0207765   0.0129163  0.00807191  0.00506752  0.00319621  0.00202655  0.00129239 0.000829107 0.000534872 0.000346787 0.000225779 0.000147497 9.65755e-05 6.32911e-05 4.14633e-05 2.70917e-05 1.76282e-05  1.1403e-05 7.32065e-06 4.66373e-06 2.94596e-06 1.84496e-06 1.14696e-06 7.07509e-07  4.3356e-07 2.64768e-07 1.61087e-07 9.78446e-08 5.93897e-08 3.60338e-08 2.18927e-08 1.33165e-08 8.09553e-09 4.91593e-09 2.98306e-09 1.80876e-09 1.09437e-09 6.59307e-10 3.94687e-10 2.33126e-10 1.32687e-10 6.74489e-11 2.06253e-11
     1.0288    0.496931    0.272633    0.158834   0.0955773   0.0585976   0.0362901   0.0226286   0.0141945  0.00895335   0.0056749   0.0036138  0.00231249  0.00148714 0.000961012 0.000623774 0.000406433 0.000265617  0.00017399 0.000114074 7.47104e-05 4.88145e-05 3.17454e-05 2.05212e-05 1.31747e-05 8.38952e-06 5.30022e-06 3.32274e-06 2.06622e-06 1.27642e-06 7.83473e-07 4.78251e-07 2.91174e-07 1.76834e-07 1.07343e-07 6.51402e-08 3.94807e-08 2.39152e-08 1.44853e-08 8.76749e-09 5.29818e-09  3.1953e-09 1.92421e-09 1.15426e-09 6.87576e-10  4.0605e-10 2.36093e-10 1.32106e-10 6.59801e-11 1.97376e-11
    1.07145    0.519398    0.285968    0.167448    0.101395   0.0626256   0.0390946   0.0245783   0.0155453  0.00988654  0.00631783  0.00405486  0.00261318  0.00169061  0.00109771 0.000715099 0.000467036 0.000305484 0.000199969 0.000130768 8.52279e-05 5.52984e-05 3.56579e-05 2.28274e-05 1.45101e-05 9.15264e-06 5.73004e-06  3.5641e-06 2.20155e-06 1.35214e-06 8.26262e-07 5.03006e-07 3.05574e-07 1.85216e-07 1.12178e-07 6.79168e-08 4.10436e-08 2.47411e-08 1.48849e-08 8.94107e-09 5.35717e-09 3.19865e-09 1.90459e-09 1.12796e-09 6.62049e-10 3.84606e-10 2.19662e-10 1.20634e-10 5.91526e-11 1.73458e-11
    1.11465    0.542409    0.299663    0.176313    0.107398   0.0667958   0.0420091   0.0266116   0.0169558   0.0108605  0.00698687  0.00451106  0.00292163  0.00189735   0.0012351 0.000805731 0.000526176 0.000343478  0.00022396 0.000145574 9.41305e-05 6.04944e-05 3.86135e-05 2.44637e-05  1.5394e-05 9.62357e-06 5.97573e-06 3.69057e-06 2.26666e-06 1.38554e-06 8.43404e-07 5.12036e-07 3.10288e-07 1.87541e-07 1.13074e-07 6.80592e-08 4.08887e-08 2.44996e-08 1.46388e-08 8.71869e-09 5.16387e-09  3.0387e-09 1.77833e-09 1.03425e-09 5.96251e-10 3.40058e-10 1.90614e-10 1.02765e-10 4.95222e-11 1.42912e-11
     1.1583    0.565924    0.313688    0.185404     0.11356   0.0710839   0.0450112   0.0287098   0.0184096   0.0118612  0.00766989  0.00497262  0.00323025  0.00210166  0.00136892 0.000892348 0.000581253 0.000377682 0.000244642 0.000157686 0.000100997 6.42374e-05 4.05829e-05 2.54641e-05 1.58791e-05 9.84919e-06 6.07408e-06 3.72859e-06 2.27837e-06 1.38646e-06 8.40477e-07 5.08216e-07 3.06666e-07 1.84521e-07 1.10616e-07 6.60968e-08 3.93869e-08 2.33842e-08 1.38246e-08 8.13389e-09 4.75116e-09 2.75297e-09 1.58375e-09 9.03476e-10 5.10154e-10 2.84544e-10 1.55867e-10 8.21986e-11 3.87648e-11 1.08786e-11
    1.20232    0.589899    0.328014    0.194689    0.119849   0.0754612   0.0480743   0.0308489   0.0198874   0.0128714  0.00835298  0.00542891  0.00353142  0.00229799  0.00149499 0.000971692 0.000629877 0.000406557  0.00026116 0.000166738 0.000105747 6.65951e-05 4.16773e-05 2.59292e-05 1.60442e-05 9.88408e-06 6.05968e-06 3.69945e-06 2.24934e-06 1.36218e-06 8.21674e-07  4.9395e-07  2.9606e-07 1.76931e-07 1.05342e-07 6.24561e-08 3.68482e-08 2.15937e-08 1.25683e-08  7.2711e-09 4.17687e-09 2.37973e-09 1.34514e-09 7.52762e-10  4.1637e-10 2.27111e-10 1.21455e-10  6.2501e-11 2.87367e-11 7.79194e-12
    1.24661    0.614278    0.342603    0.204128    0.126231   0.0798933   0.0511683   0.0330012   0.0213669   0.0138732  0.00902226  0.00587001  0.00381806  0.00248112  0.00160939  0.00104102 0.000670372 0.000429275 0.000273259 0.000172801 0.000108576 6.77706e-05 4.20635e-05 2.59765e-05 1.59659e-05 9.77548e-06 5.95911e-06 3.61739e-06 2.18727e-06 1.31716e-06  7.8978e-07 4.71366e-07 2.80124e-07 1.65877e-07 9.78213e-08 5.74003e-08 3.34627e-08 1.93288e-08 1.10608e-08 6.27929e-09 3.53771e-09 1.97654e-09 1.09503e-09  6.0074e-10 3.25695e-10 1.73998e-10 9.09757e-11 4.56861e-11 2.04613e-11 5.35767e-12
    1.29107    0.638988    0.357404    0.213681    0.132664   0.0843402   0.0542592   0.0351391   0.0228243   0.0148486  0.00966496  0.00628711  0.00408387  0.00264647  0.00170902  0.00109859 0.000702041 0.000445777 0.000281213 0.000176248 0.000109815 6.80083e-05 4.19064e-05 2.57092e-05 1.57034e-05 9.55631e-06 5.79103e-06 3.49336e-06 2.09837e-06 1.25477e-06 7.46752e-07 4.41954e-07 2.60049e-07 1.52228e-07 8.86117e-08 5.12776e-08 2.94668e-08 1.67649e-08 9.43292e-09 5.25338e-09  2.8989e-09 1.58549e-09 8.59254e-10 4.61466e-10 2.45076e-10 1.28271e-10 6.56543e-11 3.22231e-11 1.40909e-11 3.59723e-12
     1.3356    0.663955    0.372358    0.223298    0.139106   0.0887627   0.0573099   0.0372361   0.0242369    0.015781     0.01027  0.00667251  0.00432346  0.00279056  0.00179208  0.00114385 0.000725106  0.00045661 0.000285624 0.000177569 0.000109813 6.75333e-05 4.13398e-05 2.52033e-05 1.52987e-05  9.2501e-06 5.56913e-06 3.33587e-06 1.98811e-06 1.17856e-06 6.94877e-07 4.07063e-07 2.36717e-07 1.36724e-07 7.84115e-08 4.46614e-08 2.52471e-08 1.41239e-08 7.80538e-09 4.26261e-09 2.30369e-09 1.23315e-09  6.5344e-10 3.42994e-10 1.78095e-10 9.11488e-11  4.5624e-11 2.18833e-11 9.34006e-12 2.31324e-12
    1.38012    0.689101    0.387402    0.232929    0.145514    0.093122   0.0602832   0.0392614   0.0255859   0.0166574   0.0108283  0.00701991  0.00453279  0.00291143  0.00185813  0.00117732 0.000740477 0.000462658 0.000287194 0.000177249 0.000108867 6.65197e-05 4.04588e-05 2.45087e-05   1.478e-05 8.87411e-06 5.30364e-06 3.15127e-06 1.86097e-06  1.0919e-06 6.36638e-07  3.6849e-07  2.1144e-07 1.20322e-07 6.79024e-08 3.80195e-08 2.11089e-08 1.15918e-08 6.28404e-09 3.36333e-09 1.78018e-09 9.32608e-10 4.83149e-10   2.476e-10 1.25462e-10 6.26499e-11 3.06045e-11 1.43249e-11 5.96158e-12 1.43444e-12
    1.42452    0.714336    0.402465    0.242529    0.151834   0.0973815   0.0631458   0.0411843   0.0268567   0.0174685   0.0113333  0.00732486  0.00470963  0.00300865  0.00190793  0.00120028 0.000749393 0.000464879 0.000286567 0.000175683 0.000107205 6.50872e-05  3.9327e-05 2.36596e-05 1.41661e-05 8.43973e-06 5.00206e-06 2.94478e-06 1.72101e-06  9.9809e-07 5.74587e-07 3.28099e-07 1.85521e-07 1.03886e-07 5.76197e-08 3.16777e-08 1.72554e-08 9.29263e-09 4.93784e-09 2.58853e-09 1.34106e-09 6.87228e-10 3.47967e-10 1.74029e-10 8.59554e-11 4.18095e-11 1.98945e-11 9.07241e-12 3.67971e-12  8.6386e-13
    1.46871    0.739573    0.417479    0.252056    0.158021    0.101511   0.0658712   0.0429823   0.0280343   0.0182096   0.0117812  0.00758514  0.00485354  0.00308313  0.00194294  0.00121422 0.000753069 0.000464106  0.00028425 0.000173161 0.000104984 6.33198e-05 3.79916e-05 2.26838e-05 1.34746e-05 7.95959e-06 4.67334e-06 2.72254e-06  1.5727e-06 9.00482e-07  5.1114e-07 2.87535e-07  1.6004e-07 8.80943e-08 4.79659e-08  2.5863e-08 1.38102e-08 7.28989e-09 3.79555e-09 1.94802e-09 9.87116e-10 4.94327e-10  2.4441e-10 1.19215e-10 5.73357e-11 2.71238e-11 1.25413e-11 5.55152e-12 2.17871e-12 4.85215e-13
    1.51254    0.764753    0.432383     0.26148    0.164054    0.105495   0.0684451   0.0446431   0.0291033    0.018876   0.0121721  0.00780153    0.004966  0.00313672  0.00196494  0.00122054 0.000752461 0.000460935  0.00028059 0.000169868 0.000102308  6.1279e-05 3.64903e-05 2.16064e-05 1.27222e-05 7.44496e-06 4.32582e-06 2.49121e-06 1.42104e-06   8.025e-07 4.48578e-07 2.48235e-07 1.35846e-07 7.34402e-08 3.92223e-08  2.0722e-08 1.08378e-08 5.60426e-09  2.8579e-09 1.43533e-09 7.10689e-10 3.47306e-10 1.67425e-10 7.95443e-11 3.72002e-11 1.70864e-11 7.65608e-12 3.27427e-12 1.23183e-12 2.53548e-13
    1.55595    0.789759    0.447118    0.270721    0.169917     0.10931   0.0708704   0.0461658   0.0300577   0.0194603   0.0125071  0.00797769  0.00505059  0.00317224  0.00197588  0.00122044 0.000748237 0.000455734 0.000275782 0.000165905 9.92364e-05 5.90046e-05 3.48519e-05 2.04499e-05 1.19229e-05 6.90258e-06 3.96468e-06 2.25538e-06 1.26959e-06 7.06669e-07 3.88715e-07 2.11346e-07 1.13575e-07 6.02578e-08 3.15607e-08 1.63322e-08 8.35921e-09 4.22927e-09 2.10993e-09 1.03584e-09 5.00471e-10 2.38239e-10 1.11739e-10 5.16085e-11  2.3425e-11 1.04254e-11 4.51799e-12 1.86354e-12 6.72472e-13  1.3093e-13
    1.59882    0.814447    0.461554     0.27963     0.17561    0.112917   0.0731545   0.0475645   0.0309038   0.0199588   0.0127842  0.00811693  0.00511165  0.00319306  0.00197794  0.00121509  0.00074096 0.000448762 0.000269947 0.000161329 9.58015e-05 5.65191e-05 3.30971e-05 1.92339e-05 1.10932e-05 6.34617e-06 3.59925e-06 2.02052e-06 1.12147e-06 6.14892e-07 3.32749e-07 1.77663e-07 9.36738e-08 4.87427e-08 2.50351e-08 1.26901e-08 6.35076e-09 3.13797e-09  1.5284e-09 7.32355e-10 3.44904e-10 1.59698e-10 7.27132e-11 3.25593e-11  1.4309e-11  6.1564e-12  2.5754e-12  1.0243e-12 3.56876e-13 6.81579e-14
    1.64098    0.838958    0.475532    0.288191    0.181101    0.116359   0.0752928   0.0488555   0.0316602   0.0203803   0.0130046  0.00822022   0.0051516  0.00320179  0.00197302  0.00120562 0.000731133 0.000440232 0.000263176 0.000156201 9.20468e-05 5.38527e-05 3.12505e-05  1.7979e-05  1.0252e-05 5.79122e-06 3.23986e-06 1.79275e-06 9.80169e-07 5.29015e-07 2.81528e-07 1.47641e-07 7.63695e-08 3.89488e-08 1.95959e-08 9.72228e-09 4.75384e-09 2.29072e-09 1.08701e-09 5.07348e-10   2.326e-10 1.04649e-10  4.6193e-11 2.00089e-11 8.49388e-12 3.52504e-12 1.42002e-12 5.42991e-13 1.82102e-13 3.35686e-14
    1.68257    0.863392    0.489195     0.29646    0.186259    0.119658   0.0772978   0.0500337    0.032348   0.0207439   0.0131795  0.00829202  0.00517234  0.00319961  0.00196193  0.00119252  0.00071897 0.000430208 0.000255486 0.000150568 8.80223e-05 5.10453e-05 2.93399e-05 1.67041e-05 9.41331e-06 5.24809e-06 2.89414e-06 1.57726e-06 8.48749e-07 4.50602e-07 2.35697e-07 1.21399e-07  6.1607e-08 3.07828e-08 1.51501e-08  7.3448e-09 3.50579e-09  1.6467e-09 7.60448e-10 3.44975e-10 1.53598e-10 6.70438e-11 2.86657e-11  1.1994e-11 4.90682e-12 1.95828e-12 7.57434e-13 2.77651e-13 8.89046e-14 1.52039e-14
    1.72373    0.887267    0.502627     0.30431    0.191068    0.122661   0.0792024    0.051126   0.0329682   0.0210631   0.0133244   0.0083431  0.00517917  0.00318875  0.00194561  0.00117636 0.000704983 0.000419034 0.000247061 0.000144491 8.37582e-05 4.81177e-05 2.73774e-05 1.54159e-05 8.58331e-06 4.72239e-06 2.56638e-06 1.37688e-06 7.28782e-07 3.80311e-07 1.95405e-07 9.88098e-08 4.91743e-08 2.40641e-08 1.15794e-08 5.47944e-09 2.54942e-09 1.16585e-09 5.23498e-10 2.30544e-10 9.94581e-11 4.19917e-11 1.73385e-11 6.99906e-12 2.75745e-12 1.05737e-12 3.91907e-13 1.37335e-13 4.18986e-14 6.73499e-15
    1.76437    0.910037    0.515716    0.311827    0.195491    0.125428   0.0809226   0.0521704    0.033541   0.0213468   0.0134465  0.00838055  0.00517738  0.00317242  0.00192603  0.00115831 0.000689991 0.000407295 0.000238302   0.0001382 7.93775e-05 4.51435e-05 2.54059e-05 1.41379e-05 7.77364e-06 4.21975e-06 2.25987e-06 1.19353e-06  6.2121e-07 3.18457e-07 1.60606e-07 7.96647e-08 3.88512e-08 1.86107e-08 8.75331e-09 4.04149e-09 1.83106e-09 8.13792e-10 3.54562e-10 1.51326e-10 6.31879e-11 2.57743e-11 1.02558e-11 3.98175e-12 1.50657e-12 5.53936e-13  1.9665e-13 6.58561e-14  1.9062e-14 2.80452e-15
    1.80444    0.932716    0.528324    0.319136    0.199672    0.127976   0.0824841   0.0531065   0.0340552   0.0215966   0.0135528  0.00841107  0.00517175  0.00315369  0.00190483  0.00113919 0.000674321 0.000395174 0.000229351 0.000131832 7.49907e-05 4.22034e-05 2.34827e-05 1.29082e-05 7.00456e-06 3.74922e-06 1.97818e-06  1.0284e-06 5.26353e-07 2.65054e-07 1.31178e-07 6.37731e-08 3.04458e-08 1.42611e-08 6.55059e-09  2.9487e-09  1.3001e-09  5.6117e-10  2.3697e-10  9.7858e-11 3.94898e-11 1.55461e-11 5.96033e-12 2.22328e-12 8.06156e-13 2.83255e-13 9.59361e-14  3.0647e-14  8.4479e-15 1.18568e-15
    1.84366    0.955974    0.540326    0.325995     0.20378    0.130339   0.0839225   0.0539072   0.0344874   0.0218141   0.0136397  0.00843199  0.00516171   0.0031325  0.00188172  0.00111839 0.000657705 0.000382687 0.000220372 0.000125526 7.06969e-05 3.93592e-05 2.16462e-05 1.17509e-05 6.29151e-06 3.31957e-06 1.72492e-06 8.82355e-07 4.43981e-07 2.19599e-07 1.06642e-07 5.08018e-08 2.37309e-08 1.08607e-08 4.86656e-09 2.13344e-09 9.14538e-10 3.83067e-10 1.56637e-10 6.25101e-11  2.4338e-11 9.22799e-12 3.40105e-12 1.21815e-12 4.23403e-13 1.42332e-13 4.59968e-14 1.39813e-14 3.66445e-15 4.89518e-16
    1.88157    0.977377    0.552176    0.332422    0.207594      0.1327   0.0852456    0.054614   0.0348778   0.0220041    0.013704  0.00843606  0.00514111  0.00310526  0.00185578  0.00109629 0.000640598 0.000370086 0.000211456 0.000119358 6.65446e-05  3.6641e-05 1.99132e-05 1.06731e-05 5.63743e-06 2.93193e-06 1.50039e-06 7.55153e-07  3.7348e-07 1.81374e-07   8.639e-08 4.03184e-08  1.8424e-08 8.23558e-09 3.59815e-09 1.53514e-09 6.39277e-10 2.59669e-10 1.02767e-10 3.96165e-11 1.48743e-11 5.42871e-12 1.92183e-12 6.60073e-13 2.19674e-13  7.0584e-14 2.17514e-14 6.28594e-15 1.56296e-15 1.95737e-16
    1.91742    0.997847    0.564014    0.338803    0.211154     0.13472   0.0864896   0.0552562   0.0352251   0.0221762   0.0137575  0.00843287  0.00511511  0.00307434  0.00182814  0.00107401 0.000623698 0.000357697 0.000202656 0.000113307 6.25066e-05 3.40278e-05 1.82696e-05 9.66618e-06 5.03588e-06 2.58116e-06 1.30071e-06 6.44072e-07 3.13052e-07 1.49227e-07 6.96865e-08  3.1851e-08 1.42334e-08  6.2123e-09 2.64592e-09 1.09853e-09   4.443e-10 1.74958e-10 6.70008e-11 2.49442e-11 9.02857e-12 3.17104e-12 1.07829e-12 3.54935e-13 1.12955e-13 3.46308e-14  1.0165e-14 2.79275e-15 6.57489e-16 7.58071e-17
    1.95202     1.01908    0.575448    0.345082    0.214587     0.13651   0.0875965   0.0558417    0.035505    0.022316   0.0138055  0.00843022  0.00509006  0.00304401  0.00180035  0.00105135 0.000606423 0.000345147 0.000193872 0.000107425 5.86594e-05 3.15736e-05 1.67462e-05 8.74503e-06 4.49336e-06 2.26953e-06 1.12593e-06 5.48309e-07 2.61826e-07 1.22481e-07 5.60601e-08 2.50846e-08 1.09592e-08 4.66899e-09 1.93797e-09  7.8279e-10 3.07461e-10 1.17367e-10 4.34879e-11 1.56324e-11 5.45116e-12 1.84047e-12 6.00263e-13  1.8923e-13 5.75633e-14 1.68343e-14 4.70628e-15 1.23028e-15 2.74824e-16 2.95659e-17
    1.98626     1.03849    0.586631    0.351155    0.217924    0.138379   0.0885939   0.0563814    0.035745   0.0224168   0.0138397  0.00842368  0.00506418  0.00301373  0.00177294  0.00102913 0.000589327 0.000332753 0.000185249 0.000101741 5.50165e-05 2.92891e-05 1.53483e-05  7.9112e-06 4.00891e-06 1.99516e-06 9.74334e-07 4.66527e-07   2.188e-07  1.0042e-07  4.5033e-08 1.97187e-08 8.41917e-09 3.50037e-09 1.41591e-09 5.56447e-10 2.12259e-10 7.85448e-11 2.81577e-11 9.77416e-12 3.28517e-12 1.06689e-12 3.33951e-13  1.0086e-13 2.93402e-14 8.18841e-15 2.17976e-15 5.41494e-16 1.14647e-16 1.15157e-17
    2.01957     1.05652    0.597686     0.35716    0.221189    0.140129   0.0895456   0.0568717   0.0359665   0.0224997   0.0138612  0.00840979  0.00503508  0.00298226  0.00174534   0.0010072 0.000572933 0.000321048  0.00017718 9.63825e-05 5.15927e-05 2.71646e-05  1.4065e-05  7.1565e-06  3.5766e-06 1.75388e-06 8.43091e-07 3.96883e-07 1.82786e-07 8.22859e-08 3.61447e-08 1.54833e-08 6.45855e-09 2.61961e-09 1.03242e-09 3.94696e-10 1.46206e-10 5.24423e-11 1.81872e-11 6.09672e-12 1.97639e-12 6.18056e-13 1.85944e-13 5.38537e-14 1.49946e-14 3.99713e-15 1.01374e-15 2.39254e-16  4.7981e-17 4.50432e-18
    2.05207     1.07437    0.607881    0.362924    0.224366    0.141849   0.0905207   0.0573552   0.0361769   0.0225734   0.0138675  0.00838782  0.00500278  0.00294963  0.00171726 0.000984862  0.00055662 0.000309778 0.000169649 9.14159e-05 4.84394e-05  2.5225e-05 1.29061e-05 6.48318e-06 3.19579e-06  1.5442e-06 7.30675e-07 3.38157e-07 1.52926e-07 6.75225e-08   2.905e-08 1.21738e-08 4.96075e-09 1.96265e-09 7.53454e-10 2.80118e-10 1.00742e-10 3.50255e-11 1.17508e-11 3.80329e-12 1.18856e-12 3.57718e-13 1.03389e-13 2.87142e-14  7.6517e-15  1.9482e-15 4.70898e-16 1.05682e-16 2.01141e-17  1.7805e-18
    2.08359     1.09091    0.616997    0.368246    0.227543    0.143591   0.0915478   0.0578878   0.0363967    0.022656   0.0138737  0.00836394  0.00496858  0.00291564   0.0016887  0.00096292 0.000540542 0.000298779 0.000162469 8.67743e-05 4.55301e-05 2.34562e-05 1.18619e-05 5.88408e-06 2.86146e-06 1.36271e-06  6.3479e-07 2.88844e-07 1.28269e-07 5.55491e-08 2.34093e-08 9.59868e-09 3.82188e-09  1.4753e-09 5.51818e-10 1.99558e-10 6.96948e-11 2.34913e-11 7.62561e-12 2.38315e-12 7.17685e-13 2.07728e-13 5.76187e-14 1.53374e-14 3.90962e-15 9.50246e-16 2.18929e-16 4.67904e-17 8.47565e-18 7.11652e-19
    2.11451     1.10651    0.625788    0.373258    0.230661     0.14524   0.0925762   0.0584588   0.0366623   0.0227603   0.0138969  0.00834875  0.00493838  0.00288349  0.00166101   0.0009418 0.000525207 0.000288219  0.00015554 8.23649e-05 4.28058e-05 2.18238e-05  1.0912e-05 5.34699e-06 2.56608e-06 1.20479e-06 5.52799e-07 2.47467e-07 1.07973e-07 4.58799e-08 1.89454e-08 7.60326e-09 2.95884e-09 1.11471e-09 4.06411e-10  1.4304e-10 4.85394e-11 1.58683e-11 4.98579e-12  1.5052e-12  4.3714e-13 1.21783e-13 3.24471e-14 8.28221e-15 2.02024e-15 4.68869e-16 1.03024e-16 2.10105e-17 3.64339e-18 2.98911e-19
    2.14521     1.12247    0.634507    0.378203    0.233629     0.14689   0.0935474   0.0590182   0.0369512   0.0228821   0.0139355  0.00834403  0.00491612  0.00285665  0.00163626 0.000922065 0.000510875 0.000278297  0.00014898 7.82238e-05 4.02737e-05 2.03243e-05 1.00506e-05 4.86665e-06 2.30542e-06 1.06732e-06  4.8254e-07 2.12664e-07 9.12475e-08 3.80777e-08 1.54211e-08 6.06123e-09 2.30684e-09  8.4876e-10 3.01819e-10 1.03454e-10 3.41405e-11 1.08367e-11 3.29939e-12  9.6331e-13 2.70093e-13 7.25113e-14 1.85836e-14 4.55271e-15 1.06328e-15 2.35764e-16 4.94784e-17 9.66644e-18  1.6208e-18 1.35079e-19
    2.17543     1.13909    0.643331    0.383058    0.236499    0.148535   0.0944548   0.0595335   0.0372167   0.0229961   0.0139696  0.00833871  0.00489509  0.00283113  0.00161264 0.000903383 0.000497202 0.000268856 0.000142767  7.4344e-05 3.79292e-05 1.89511e-05 9.27036e-06 4.43687e-06 2.07535e-06 9.47714e-07 4.22222e-07 1.83222e-07  7.7342e-08  3.1719e-08 1.26108e-08 4.85911e-09  1.8107e-09 6.51501e-10 2.26218e-10 7.56013e-11 2.42948e-11 7.50044e-12  2.2177e-12 6.27626e-13 1.70197e-13 4.41047e-14 1.08922e-14 2.56621e-15  5.7492e-16 1.22034e-16 2.45417e-17 4.62676e-18 7.61607e-19 6.70782e-20
    2.20503      1.1558     0.65236    0.387906    0.239394    0.150147   0.0953087   0.0599929   0.0374353   0.0230797   0.0139841  0.00832194  0.00486742  0.00280201  0.00158723 0.000884087 0.000483361  0.00025945 0.000136665  7.0573e-05  3.5681e-05 1.76535e-05 8.54303e-06 4.04141e-06 1.86694e-06 8.41225e-07 3.69406e-07 1.57861e-07 6.55617e-08 2.64286e-08 1.03195e-08 3.90087e-09  1.4245e-09 5.01707e-10 1.70281e-10 5.55537e-11 1.74091e-11 5.23603e-12 1.50655e-12 4.14251e-13 1.08907e-13 2.73125e-14 6.52099e-15 1.48482e-15 3.21026e-16  6.5709e-17  1.2756e-17 2.33946e-18 3.83845e-19 3.69564e-20
    2.23329     1.17158     0.66103    0.392618    0.242209    0.151734   0.0961278   0.0604155   0.0376236   0.0231439   0.0139872  0.00829724  0.00483494  0.00277086  0.00156113 0.000864368  0.00046947 0.000250158  0.00013072 6.69235e-05 3.35234e-05 1.64219e-05 7.86141e-06 3.67549e-06  1.6766e-06 7.45334e-07 3.22601e-07 1.35758e-07 5.54657e-08  2.1973e-08 8.42441e-09 3.12395e-09 1.11785e-09 3.85318e-10 1.27837e-10 4.07254e-11 1.24494e-11 3.64855e-12 1.02182e-12 2.73099e-13 6.96617e-14 1.69265e-14 3.91327e-15 8.65213e-16 1.81787e-16 3.62163e-17 6.85259e-18 1.23327e-18 2.04202e-19 2.16003e-20
    2.26019     1.18626    0.669029    0.396987    0.244718    0.153235   0.0969306   0.0608307   0.0378102   0.0232096    0.013993  0.00827499  0.00480414  0.00274159  0.00153705 0.000846125 0.000456597 0.000241567 0.000125248 6.35776e-05 3.15533e-05 1.53027e-05 7.24686e-06 3.34885e-06 1.50852e-06 6.61611e-07 2.82232e-07 1.16941e-07 4.69916e-08 1.82898e-08 6.88217e-09 2.50241e-09 8.77086e-10 2.95744e-10 9.58443e-11 2.97878e-11 8.87393e-12 2.53205e-12 6.89648e-13 1.79002e-13 4.42673e-14 1.04138e-14 2.32852e-15 4.99353e-16 1.02015e-16 1.98375e-17 3.68788e-18 6.61858e-19  1.1342e-19 1.34543e-20
    2.28657     1.19991    0.676611    0.401143    0.247009    0.154587    0.097724   0.0612528   0.0380025   0.0232799   0.0140038  0.00825809  0.00477805  0.00271577  0.00151536  0.00082962 0.000444955 0.000233801 0.000120314 6.05764e-05 2.97958e-05 1.43097e-05 6.70593e-06 3.06408e-06 1.36366e-06 5.90379e-07 2.48336e-07 1.01355e-07 4.00754e-08 1.53306e-08 5.66318e-09 2.01906e-09  6.9319e-10 2.28719e-10 7.24497e-11 2.19785e-11 6.38146e-12 1.77244e-12 4.69434e-13 1.18419e-13 2.84552e-14 6.49982e-15 1.41034e-15  2.9303e-16 5.81709e-17 1.10689e-17 2.04667e-18 3.76824e-19 6.97848e-20 9.73251e-21
    2.31279     1.21367    0.684079    0.405033     0.24927    0.155847   0.0984568   0.0616803   0.0381986   0.0233534   0.0140179  0.00824486  0.00475584  0.00269299   0.0014956  0.00081439 0.000434229 0.000226681 0.000115814 5.78559e-05  2.8215e-05 1.34237e-05  6.2272e-06 2.81436e-06 1.23791e-06 5.29252e-07 2.19642e-07 8.83548e-08 3.43952e-08 1.29397e-08 4.69549e-09 1.64214e-09 5.52345e-10 1.78347e-10 5.52369e-11 1.63676e-11 4.63552e-12 1.25373e-12 3.22849e-13 7.91238e-14 1.84791e-14 4.10353e-15 8.66413e-16 1.75227e-16 3.40331e-17 6.41215e-18 1.20308e-18   2.343e-19 4.84053e-20 7.92999e-21
    2.33875     1.22849    0.691583    0.408797    0.251504    0.157111   0.0991381   0.0620783   0.0383846    0.023428    0.014037  0.00823556  0.00473693  0.00267303  0.00147808 0.000800766 0.000424581 0.000220264  0.00011176 5.54102e-05 2.68011e-05 1.26371e-05 5.80488e-06 2.59561e-06 1.12867e-06 4.76656e-07 1.95237e-07 7.74455e-08 2.97005e-08 1.09961e-08 3.92241e-09 1.34658e-09 4.44067e-10 1.40396e-10 4.25217e-11 1.23071e-11 3.40156e-12  8.9714e-13 2.25069e-13 5.36645e-14 1.21769e-14 2.62729e-15 5.39834e-16  1.0685e-16 2.05177e-17 3.89803e-18 7.62207e-19 1.61379e-19 3.74107e-20 6.85141e-21
    2.36411     1.24321      0.6989    0.412669    0.253616    0.158368   0.0998289   0.0624527   0.0385588   0.0234969   0.0140541  0.00822588  0.00471813  0.00265459  0.00146283 0.000788743    0.000416 0.000214529 0.000108128 5.32226e-05 2.55411e-05   1.194e-05 5.43343e-06  2.4048e-06 1.03422e-06 4.31629e-07 1.74564e-07 6.83106e-08  2.5821e-08 9.41406e-09 3.30364e-09 1.11425e-09 3.60545e-10 1.11709e-10 3.31179e-11 9.37205e-12 2.52948e-12 6.50772e-13  1.5914e-13 3.69736e-14 8.17525e-15  1.7205e-15 3.45876e-16 6.74522e-17 1.29599e-17 2.53142e-18 5.28558e-19 1.23319e-19  3.1593e-20 6.24787e-21
    2.38977     1.25819    0.706136    0.416355    0.255629    0.159552    0.100489   0.0628435   0.0387444   0.0235684   0.0140705  0.00821666  0.00470011  0.00263699  0.00144861 0.000777717 0.000408155 0.000209306 0.000104834 5.12448e-05 2.44066e-05 1.13153e-05 5.10267e-06 2.23628e-06  9.5167e-07 3.92707e-07 1.56915e-07 6.06169e-08 2.25979e-08 8.11786e-09 2.80427e-09 9.30211e-10 2.95694e-10 8.98902e-11 2.61157e-11 7.23526e-12 1.90929e-12 4.79624e-13 1.14415e-13 2.59277e-14 5.59852e-15 1.15374e-15 2.28484e-16 4.43839e-17 8.67152e-18 1.77674e-18 4.01865e-19 1.02881e-19 2.84658e-20 5.94522e-21
    2.41642     1.27388    0.713568    0.419964    0.257476    0.160675     0.10111    0.063224   0.0389325   0.0236443   0.0140939  0.00821405  0.00468703  0.00262204  0.00143543 0.000767534 0.000400941 0.000204525 0.000101834 4.94532e-05 2.33843e-05 1.07554e-05 4.80799e-06 2.08718e-06 8.79272e-07 3.58914e-07 1.41771e-07 5.41001e-08 1.99051e-08 7.05045e-09 2.39918e-09 7.83263e-10 2.44826e-10 7.31131e-11 2.08444e-11 5.66131e-12  1.4628e-12 3.59438e-13 8.38432e-14 1.85814e-14 3.92844e-15 7.95813e-16 1.56294e-16 3.06216e-17 6.19083e-18  1.3525e-18 3.32117e-19 9.16358e-20 2.66558e-20 5.72313e-21
    2.44319     1.28887    0.721462    0.423592    0.259227    0.161699    0.101661   0.0635875   0.0391197   0.0237246   0.0141226  0.00821578  0.00467702  0.00260923  0.00142376 0.000758408 0.000394454 0.000200246 9.91686e-05 4.78708e-05 2.24855e-05 1.02647e-05 4.55105e-06 1.95803e-06 8.16902e-07 3.29986e-07 1.28906e-07 4.86137e-08 1.76631e-08 6.17304e-09 2.07069e-09 6.65739e-10  2.0475e-10 6.01136e-11 1.68361e-11 4.48887e-12 1.13765e-12 2.73995e-13 6.26438e-14 1.36196e-14 2.83181e-15 5.67514e-16 1.11543e-16 2.22936e-17 4.72328e-18  1.1071e-18   2.925e-19 8.51458e-20 2.55179e-20 5.54861e-21
    2.46953     1.30305    0.729714    0.427041    0.261014    0.162555    0.102135   0.0639125   0.0392949   0.0237999   0.0141537  0.00822257  0.00467051  0.00259874  0.00141363 0.000750307 0.000388655 0.000196423 9.68004e-05 4.64713e-05 2.16937e-05 9.83363e-06 4.32625e-06 1.84567e-06 7.63007e-07 3.05177e-07 1.17956e-07  4.3983e-08 1.57899e-08 5.44872e-09 1.80307e-09 5.71432e-10 1.73097e-10 5.00134e-11 1.37752e-11 3.61036e-12 8.99087e-13 2.12706e-13   4.779e-14 1.02272e-14 2.10135e-15 4.19466e-16 8.32656e-17 1.71578e-17 3.83534e-18 9.60036e-19 2.68368e-19 8.08452e-20 2.46112e-20 5.34671e-21
    2.49546     1.31736    0.737869    0.430906    0.262826    0.163374    0.102572   0.0641564   0.0394459   0.0238655   0.0141841  0.00823294  0.00466742  0.00259063  0.00140505 0.000743191 0.000383491 0.000192986 9.46562e-05 4.51986e-05 2.09777e-05 9.44906e-06 4.12777e-06 1.74739e-06 7.16291e-07 2.83878e-07 1.08638e-07 4.00778e-08 1.42252e-08 4.84976e-09 1.58425e-09 4.95355e-10 1.47943e-10 4.21166e-11 1.14234e-11 2.94769e-12 7.22636e-13  1.6832e-13  3.7271e-14 7.88099e-15 1.60849e-15 3.22084e-16 6.51397e-17 1.39399e-17 3.28506e-18 8.66899e-19 2.51769e-19 7.74277e-20 2.37528e-20  5.1356e-21
    2.52007      1.3311     0.74588    0.435432    0.264758    0.164318    0.102968   0.0643545    0.039572   0.0239252   0.0142105  0.00824063  0.00466431  0.00258281  0.00139686 0.000737018 0.000378914 0.000189904 9.27269e-05 4.40523e-05  2.0335e-05 9.10764e-06 3.95335e-06 1.66181e-06 6.75936e-07 2.65627e-07 1.00722e-07  3.6791e-08 1.29211e-08 4.35555e-09 1.40568e-09 4.34003e-10 1.27919e-10 3.59205e-11  9.6068e-12 2.44427e-12 5.91104e-13 1.35935e-13 2.97681e-14  6.2466e-15 1.27335e-15 2.57469e-16 5.33995e-17 1.18956e-17 2.93854e-18 8.07155e-19 2.40398e-19 7.48371e-20 2.30422e-20 4.95981e-21
    2.54364      1.3443    0.754017    0.440215    0.266824    0.165413    0.103375   0.0645648   0.0396696   0.0239667   0.0142268  0.00824363  0.00466058    0.002576  0.00138988 0.000732048 0.000375113 0.000187275 9.10595e-05 4.30622e-05 1.97783e-05 8.81012e-06 3.80131e-06 1.58738e-06 6.41004e-07 2.49919e-07 9.39606e-08 3.40077e-08 1.18271e-08 3.94516e-09 1.25904e-09 3.84233e-10 1.11889e-10 3.10327e-11 8.19727e-12 2.06035e-12 4.92577e-13 1.12134e-13 2.43646e-14 5.09401e-15 1.04187e-15 2.13676e-16 4.55558e-17  1.0547e-17 2.71033e-18 7.67038e-19 2.32152e-19 7.26571e-20 2.23597e-20 4.76538e-21
    2.56751     1.35727    0.762104    0.444927    0.269114     0.16668    0.103857   0.0647683    0.039759   0.0239922   0.0142313   0.0082406  0.00465537  0.00257092  0.00138524 0.000728169 0.000372042 0.000185079 8.96381e-05 4.22083e-05 1.92947e-05  8.5502e-06 3.66856e-06 1.52265e-06   6.108e-07 2.36428e-07 8.82001e-08 3.16578e-08 1.09119e-08 3.60498e-09 1.13872e-09 3.43847e-10 9.90394e-11 2.71696e-11 7.10127e-12   1.767e-12 4.18592e-13 9.45669e-14 2.04476e-14 4.27376e-15  8.8006e-16 1.83529e-16 4.02022e-17 9.62558e-18 2.55025e-18 7.36788e-19 2.25186e-19 7.06259e-20 2.16954e-20 4.58393e-21
    2.59004     1.36938    0.769158    0.449456    0.271453    0.168082    0.104511   0.0649974   0.0398633   0.0240156   0.0142271  0.00823058  0.00464645  0.00256482   0.0013809 0.000724578 0.000369522 0.000183313 8.84758e-05 4.14948e-05 1.88845e-05 8.32723e-06 3.55415e-06 1.46686e-06 5.84876e-07 2.24918e-07 8.33241e-08 2.96865e-08 1.01509e-08 3.32451e-09 1.04042e-09  3.1121e-10  8.8779e-11 2.41252e-11 6.25021e-12 1.54286e-12 3.63024e-13 8.16063e-14 1.76113e-14 3.69159e-15 7.67674e-16 1.63074e-16 3.66535e-17 9.00909e-18 2.43634e-18 7.11871e-19 2.18642e-19 6.87295e-20 2.11166e-20 4.45311e-21
    2.60969     1.38128    0.775131    0.453751    0.273714    0.169463    0.105339   0.0653477   0.0400213   0.0240624   0.0142247  0.00821776  0.00463459  0.00255608  0.00137483 0.000720343 0.000367089 0.000181801 8.75204e-05 4.09105e-05 1.85466e-05 8.14135e-06 3.45751e-06 1.41927e-06 5.62706e-07  2.1509e-07 7.91848e-08 2.80268e-08 9.51624e-09 3.09294e-09 9.60088e-10 2.84856e-10 8.05997e-11 2.17302e-11 5.58974e-12  1.3715e-12 3.21261e-13 7.20497e-14 1.55627e-14 3.28037e-15 6.90109e-16 1.49315e-16 3.43342e-17 8.60559e-18 2.35725e-18 6.92276e-19 2.12982e-19 6.70879e-20 2.06394e-20 4.35808e-21
    2.62735     1.39295    0.780802    0.457608    0.276059     0.17074    0.106223   0.0657767   0.0402738   0.0241612   0.0142431  0.00821312  0.00462488  0.00254648  0.00136754   0.0007155 0.000364315 0.000180207 8.66042e-05 4.03844e-05 1.82561e-05 7.98732e-06 3.37778e-06 1.37973e-06 5.44174e-07 2.06853e-07 7.57143e-08 2.66388e-08 8.98841e-09 2.90179e-09 8.94369e-10  2.6354e-10 7.40654e-11  1.9843e-11 5.07707e-12 1.24061e-12 2.89917e-13 6.50149e-14 1.40868e-14 2.99024e-15 6.36252e-16 1.39892e-16  3.2759e-17 8.34136e-18 2.30678e-18 6.79784e-19 2.09277e-19  6.5986e-20 2.03203e-20 4.30086e-21
    2.64321      1.4027    0.786307    0.461122    0.278271    0.171924    0.107078   0.0662254   0.0405964   0.0243211   0.0143043  0.00823157  0.00462482  0.00254008  0.00136103 0.000710581 0.000361184 0.000178365  8.5578e-05 3.98307e-05 1.79716e-05  7.8493e-06 3.31023e-06  1.3472e-06 5.29106e-07   2.002e-07 7.29098e-08 2.55152e-08 8.56144e-09  2.7476e-09 8.41586e-10 2.46491e-10 6.88708e-11 1.83565e-11 4.67862e-12 1.14031e-12 2.66237e-13 5.97714e-14 1.30007e-14 2.78004e-15 5.98125e-16 1.33419e-16 3.17225e-17 8.17766e-18  2.2775e-18 6.72711e-19 2.07147e-19 6.53464e-20 2.01352e-20  4.2682e-21
     2.6566     1.40991    0.791477    0.464195    0.280121    0.172979    0.107838   0.0667086   0.0409211   0.0245113   0.0144079  0.00827924  0.00464063  0.00254288   0.0013597 0.000707669 0.000358632 0.000176633 8.45353e-05 3.92584e-05 1.76756e-05 7.70652e-06 3.24317e-06 1.31647e-06 5.15519e-07 1.94442e-07 7.05558e-08 2.45946e-08 8.21937e-09 2.62679e-09 8.01143e-10 2.33473e-10 6.49197e-11 1.72338e-11 4.38067e-12 1.06614e-12 2.48787e-13 5.58793e-14 1.21841e-14 2.62205e-15  5.7056e-16 1.29034e-16 3.11015e-17 8.08405e-18 2.25962e-18 6.67485e-19 2.05368e-19 6.47885e-20 1.99566e-20 4.21562e-21
    2.66681     1.41555     0.79561     0.46644     0.28158    0.173874    0.108464   0.0671429   0.0412143   0.0246945    0.014522  0.00834318  0.00467093  0.00255681  0.00136605 0.000709446 0.000358402 0.000175927 8.39006e-05 3.88165e-05 1.74126e-05 7.56559e-06 3.17474e-06 1.28509e-06 5.01962e-07 1.88866e-07 6.83579e-08 2.37667e-08 7.92232e-09 2.52537e-09 7.68431e-10 2.23301e-10 6.19237e-11 1.64096e-11 4.16993e-12 1.01592e-12  2.3734e-13 5.33589e-14 1.16632e-14 2.52416e-15 5.54573e-16 1.26801e-16 3.08666e-17 8.05949e-18 2.25408e-18 6.64537e-19 2.04059e-19  6.4319e-20 1.97728e-20 4.14512e-21
    2.67208     1.41948    0.797843    0.467875    0.282534     0.17444    0.108932   0.0674806   0.0414426   0.0248494    0.014616  0.00840284  0.00470552  0.00257501  0.00137566 0.000714566 0.000360459  0.00017657     8.4e-05  3.8735e-05 1.73135e-05 7.49336e-06 3.13275e-06 1.26327e-06 4.91342e-07 1.84094e-07  6.6363e-08 2.29848e-08 7.63799e-09 2.42926e-09 7.37703e-10 2.14086e-10 5.93116e-11 1.57156e-11 3.99648e-12  9.7541e-13 2.28521e-13 5.15694e-14 1.13335e-14 2.46975e-15 5.46723e-16 1.25975e-16 3.08624e-17 8.10166e-18 2.27196e-18 6.70488e-19 2.05884e-19 6.48275e-20 1.98937e-20 4.17914e-21
    2.67473     1.42001    0.797705    0.468459    0.282886    0.174674    0.109179   0.0677052   0.0415714   0.0249463   0.0146749  0.00844364  0.00473265  0.00258986  0.00138391 0.000719191 0.000362692 0.000177577 8.44367e-05 3.89274e-05 1.73827e-05 7.50947e-06 3.13224e-06 1.25966e-06 4.88157e-07 1.82204e-07 6.54265e-08 2.25734e-08 7.47742e-09 2.37277e-09 7.19203e-10 2.08189e-10 5.75506e-11 1.51824e-11 3.83352e-12 9.30909e-13 2.18053e-13 4.94276e-14 1.09334e-14 2.40076e-15 5.35334e-16 1.24257e-16 3.06401e-17 8.10559e-18 2.28753e-18 6.78731e-19 2.09164e-19 6.58848e-20 2.02004e-20 4.25756e-21
    2.68569     1.42041    0.794917    0.467665    0.282532    0.174513    0.109125   0.0677093   0.0415765   0.0249633   0.0146916  0.00845944  0.00474438  0.00259685  0.00138817 0.000721016 0.000363831 0.000178156 8.46878e-05 3.90485e-05 1.74376e-05 7.53211e-06 3.14215e-06 1.26404e-06  4.8967e-07 1.82649e-07 6.54993e-08 2.25608e-08  7.4637e-09 2.36725e-09 7.17694e-10 2.07552e-10 5.73362e-11   1.509e-11 3.79179e-12 9.17768e-13 2.15133e-13 4.90147e-14 1.09263e-14 2.42121e-15  5.4484e-16 1.27507e-16 3.16436e-17 8.40859e-18 2.37974e-18 7.07343e-19 2.16955e-19 6.75758e-20 2.05138e-20 4.27369e-21
    2.70808     1.42757    0.794485    0.466748    0.281648    0.173781    0.108636   0.0674064   0.0414206    0.024881   0.0146486  0.00843897  0.00473378  0.00259113  0.00138511 0.000719123 0.000363114 0.000177829  8.4491e-05 3.89388e-05 1.73813e-05 7.50583e-06 3.13224e-06 1.26111e-06 4.88607e-07 1.82222e-07 6.53224e-08 2.24895e-08 7.43851e-09 2.36038e-09 7.16607e-10 2.07684e-10 5.75251e-11 1.52055e-11 3.84296e-12 9.35493e-13 2.20555e-13 5.05869e-14 1.13735e-14 2.54362e-15 5.77181e-16  1.3591e-16  3.3838e-17 8.99084e-18  2.5396e-18 7.52924e-19 2.29427e-19 7.07102e-20  2.1284e-20 4.44593e-21
    2.73528     1.44166    0.799956    0.468327    0.281734     0.17343    0.108248    0.067114   0.0412428   0.0247678   0.0145769   0.0083954  0.00470777  0.00257563  0.00137605 0.000714129 0.000360401 0.000176384 8.37358e-05  3.8568e-05 1.72045e-05 7.42369e-06 3.09612e-06 1.24608e-06 4.82537e-07  1.7985e-07 6.44514e-08 2.21889e-08 7.33724e-09 2.32686e-09 7.06337e-10 2.04837e-10 5.67955e-11  1.5044e-11 3.81374e-12 9.31313e-13 2.20309e-13 5.07351e-14 1.14652e-14 2.57811e-15 5.87756e-16 1.38843e-16 3.46171e-17 9.19524e-18  2.5936e-18 7.67486e-19 2.33797e-19 7.21306e-20 2.17129e-20 4.52702e-21
    2.76427     1.45896    0.808726    0.472647    0.283765    0.174314     0.10861   0.0672563   0.0412918   0.0247803   0.0145745  0.00838843    0.004701  0.00257022  0.00137214 0.000711619 0.000358875 0.000175517 8.32653e-05 3.83225e-05 1.70824e-05 7.36567e-06 3.06963e-06 1.23455e-06 4.77802e-07 1.77992e-07 6.37527e-08 2.19389e-08  7.2516e-09 2.29895e-09 6.97927e-10 2.02474e-10 5.61795e-11 1.49013e-11 3.78454e-12 9.25905e-13  2.1945e-13 5.06518e-14 1.14793e-14 2.58939e-15 5.91952e-16 1.40069e-16 3.49378e-17 9.27304e-18 2.61127e-18 7.71195e-19 2.34683e-19 7.23734e-20 2.17451e-20 4.48526e-21
    2.79386     1.47766    0.818993    0.478413    0.287048     0.17615    0.109636   0.0678395   0.0416225   0.0249703   0.0146804  0.00844598  0.00473179  0.00258607  0.00137996 0.000715428 0.000360649 0.000176321 8.36126e-05 3.84636e-05 1.71371e-05 7.38583e-06 3.07647e-06 1.23671e-06  4.7844e-07 1.78154e-07 6.37819e-08 2.19405e-08 7.24966e-09 2.29787e-09 6.97726e-10 2.02536e-10 5.62464e-11 1.49415e-11 3.80224e-12 9.32055e-13 2.21358e-13 5.12113e-14 1.16374e-14 2.63231e-15 6.03112e-16 1.42859e-16 3.56252e-17 9.44168e-18 2.65291e-18 7.81655e-19 2.37513e-19 7.31826e-20 2.19506e-20 4.50628e-21
     2.8236     1.49711     0.82996    0.484826    0.290923    0.178489    0.111049   0.0686952   0.0421317   0.0252714   0.0148521  0.00854104  0.00478298  0.00261241  0.00139287  0.00072153 0.000363359 0.000177471 8.40708e-05  3.8634e-05 1.71962e-05 7.40459e-06 3.08167e-06 1.23784e-06 4.78565e-07 1.78085e-07 6.37184e-08 2.19067e-08 7.23526e-09 2.29275e-09 6.96214e-10 2.02205e-10 5.62015e-11 1.49495e-11 3.81096e-12 9.35897e-13 2.22683e-13 5.16242e-14 1.17589e-14 2.66599e-15 6.11938e-16 1.45079e-16 3.61738e-17 9.57627e-18 2.68607e-18 7.89974e-19 2.39743e-19 7.38054e-20 2.21016e-20 4.51614e-21
    2.85323     1.51704    0.841325    0.491551    0.295054    0.181035    0.112616   0.0696502   0.0426905   0.0255879   0.0150215   0.0086275  0.00482534  0.00263197  0.00140126  0.00072485 0.000364505 0.000177788 8.41069e-05 3.86049e-05 1.71651e-05 7.38478e-06 3.07139e-06 1.23307e-06  4.7663e-07 1.77353e-07 6.34609e-08  2.1823e-08 7.20995e-09 2.28589e-09 6.94701e-10 2.01984e-10 5.62199e-11 1.49814e-11 3.82705e-12 9.41924e-13 2.24592e-13 5.21773e-14 1.19125e-14 2.70664e-15 6.22207e-16 1.47612e-16  3.6797e-17 9.72904e-18 2.72411e-18 7.99723e-19 2.42373e-19 7.45331e-20 2.22845e-20 4.54315e-21
    2.88245     1.53726    0.852945    0.498442    0.299277    0.183616    0.114157   0.0705345   0.0431574   0.0258169   0.0151234  0.00866854  0.00483998  0.00263601  0.00140159 0.000724265 0.000363928 0.000177397 8.38795e-05 3.84877e-05 1.71088e-05 7.35967e-06 3.06082e-06  1.2289e-06 4.75107e-07 1.76835e-07 6.32958e-08 2.17752e-08 7.19762e-09 2.28331e-09 6.94497e-10 2.02128e-10 5.63311e-11 1.50347e-11 3.84758e-12 9.48778e-13 2.26648e-13 5.27547e-14 1.20687e-14 2.74728e-15 6.32415e-16 1.50136e-16 3.74232e-17 9.88479e-18 2.76383e-18 8.10237e-19 2.45284e-19 7.53538e-20 2.25038e-20 4.59214e-21
    2.91106     1.55767    0.864721    0.505348    0.303369    0.185984    0.115449   0.0711868   0.0434399   0.0259177    0.015147  0.00866653    0.004833  0.00263022   0.0013979 0.000722262 0.000362939 0.000176942 8.36824e-05 3.84037e-05 1.70745e-05 7.34599e-06 3.05539e-06 1.22682e-06 4.74348e-07 1.76572e-07 6.32107e-08 2.17505e-08  7.1915e-09 2.28233e-09 6.94623e-10 2.02336e-10 5.64486e-11 1.50858e-11 3.86665e-12  9.5504e-13 2.28509e-13 5.32747e-14 1.22086e-14 2.78349e-15 6.41492e-16 1.52386e-16 3.79849e-17  1.0026e-17 2.80041e-18 8.20127e-19  2.4807e-19 7.61499e-20 2.27244e-20 4.65608e-21
    2.93874     1.57814    0.876108    0.511654    0.306812    0.187786     0.11632   0.0715656    0.043568   0.0259385   0.0151324  0.00864752  0.00481928  0.00262236  0.00139401 0.000720586 0.000362277 0.000176702  8.3603e-05 3.83732e-05 1.70627e-05 7.34088e-06 3.05305e-06 1.22577e-06  4.7392e-07 1.76407e-07 6.31542e-08 2.17333e-08 7.18712e-09 2.28164e-09 6.94721e-10 2.02494e-10 5.65371e-11 1.51243e-11 3.88108e-12 9.59809e-13 2.29937e-13 5.36759e-14 1.23169e-14  2.8116e-15 6.48559e-16 1.54148e-16 3.84282e-17 1.01383e-17 2.82989e-18 8.28216e-19 2.50375e-19 7.68148e-20 2.29138e-20 4.73499e-21
    2.96489      1.5985    0.886545    0.516935    0.309435    0.189031    0.116865   0.0717739   0.0436207   0.0259309   0.0151095  0.00862756  0.00480668  0.00261586  0.00139119 0.000719598 0.000361986 0.000176639 8.35992e-05 3.83718e-05 1.70612e-05 7.33907e-06 3.05182e-06 1.22509e-06 4.73627e-07 1.76291e-07  6.3115e-08 2.17217e-08 7.18426e-09 2.28123e-09 6.94806e-10 2.02601e-10 5.65948e-11 1.51491e-11  3.8904e-12 9.62895e-13 2.30868e-13 5.39396e-14 1.23885e-14 2.83024e-15  6.5326e-16 1.55324e-16 3.87255e-17 1.02138e-17 2.84974e-18  8.3368e-19 2.51929e-19 7.72593e-20 2.30411e-20 4.87411e-21